 8.720e+10 -2.906e+10 -2.781e+10  2.586e+09 -2.143e+09 -8.353e+08
-2.906e+10  9.210e+10 -3.230e+10 -1.032e+09  1.778e+09  9.552e+08
-2.781e+10 -3.230e+10  8.976e+10 -1.218e+09  3.541e+08 -3.342e+08
 2.586e+09 -1.032e+09 -1.218e+09  5.713e+10  7.324e+06 -1.509e+09
-2.143e+09  1.778e+09  3.541e+08  7.324e+06  5.504e+10  4.157e+08
-8.353e+08  9.552e+08 -3.342e+08 -1.509e+09  4.157e+08  5.467e+10
