 1.656e+11  4.697e+10  4.677e+10  4.582e+08 -2.600e+08  3.329e+07
 4.697e+10  1.639e+11  4.653e+10  1.661e+08 -4.523e+08 -1.439e+08
 4.677e+10  4.653e+10  1.636e+11  1.867e+08 -8.315e+08 -2.445e+07
 4.582e+08  1.661e+08  1.867e+08  5.958e+10 -1.665e+08 -3.045e+08
-2.600e+08 -4.523e+08 -8.315e+08 -1.665e+08  5.901e+10  1.726e+08
 3.329e+07 -1.439e+08 -2.445e+07 -3.045e+08  1.726e+08  5.935e+10
