 2.017e+11 -7.454e+10 -7.956e+10 -4.623e+08 -6.947e+08  3.915e+09
-7.454e+10  1.980e+11 -7.640e+10 -2.114e+08  1.569e+09 -8.021e+08
-7.956e+10 -7.640e+10  2.039e+11  6.527e+08 -1.360e+09 -2.942e+09
-4.623e+08 -2.114e+08  6.527e+08  1.415e+11  5.493e+08 -2.109e+09
-6.947e+08  1.569e+09 -1.360e+09  5.493e+08  1.398e+11  1.895e+09
 3.915e+09 -8.021e+08 -2.942e+09 -2.109e+09  1.895e+09  1.386e+11
