 2.900e+11 -1.120e+11 -1.121e+11 -1.091e+09 -1.422e+09  6.636e+07
-1.120e+11  2.911e+11 -1.133e+11  2.291e+08  1.839e+09  1.134e+08
-1.121e+11 -1.133e+11  2.914e+11  6.444e+08  5.095e+08  1.514e+08
-1.091e+09  2.291e+08  6.444e+08  2.019e+11  1.420e+09  3.358e+08
-1.422e+09  1.839e+09  5.095e+08  1.420e+09  2.000e+11 -4.288e+08
 6.636e+07  1.134e+08  1.514e+08  3.358e+08 -4.288e+08  2.014e+11
