 3.979e+10  1.131e+10  1.131e+10  4.682e+08  7.196e+07 -3.308e+08
 1.131e+10  4.219e+10  1.174e+10  2.971e+08  8.551e+07 -8.188e+07
 1.131e+10  1.174e+10  4.089e+10 -7.199e+06  1.134e+08 -2.752e+08
 4.682e+08  2.971e+08 -7.199e+06  1.457e+10 -1.296e+08  8.955e+07
 7.196e+07  8.551e+07  1.134e+08 -1.296e+08  1.500e+10  2.638e+07
-3.308e+08 -8.188e+07 -2.752e+08  8.955e+07  2.638e+07  1.442e+10
