 2.770e+10  1.199e+09  1.168e+09 -1.003e+08 -1.070e+08 -2.868e+08
 1.199e+09  2.580e+10  1.177e+09 -2.266e+08 -3.499e+08  1.676e+08
 1.168e+09  1.177e+09  2.829e+10  1.762e+08 -2.351e+08 -4.140e+07
-1.003e+08 -2.266e+08  1.762e+08  1.298e+10 -1.455e+08 -3.211e+08
-1.070e+08 -3.499e+08 -2.351e+08 -1.455e+08  1.304e+10  8.681e+07
-2.868e+08  1.676e+08 -4.140e+07 -3.211e+08  8.681e+07  1.359e+10
