 2.389e+10  1.500e+09  1.389e+09  1.245e+08  6.145e+07 -3.195e+08
 1.500e+09  2.354e+10  1.357e+09  2.522e+07 -9.048e+07  9.043e+07
 1.389e+09  1.357e+09  2.427e+10  6.308e+06  7.672e+07 -2.544e+08
 1.245e+08  2.522e+07  6.308e+06  1.134e+10 -7.373e+07  4.975e+07
 6.145e+07 -9.048e+07  7.672e+07 -7.373e+07  1.131e+10  1.031e+08
-3.195e+08  9.043e+07 -2.544e+08  4.975e+07  1.031e+08  1.143e+10
