 1.897e+11 -7.167e+10 -7.286e+10 -4.690e+08 -1.684e+08  2.642e+07
-7.167e+10  1.868e+11 -6.984e+10 -1.352e+09 -8.907e+08 -2.929e+08
-7.286e+10 -6.984e+10  1.880e+11  1.623e+09  9.668e+08  2.910e+08
-4.690e+08 -1.352e+09  1.623e+09  1.309e+11 -3.101e+08 -6.117e+08
-1.684e+08 -8.907e+08  9.668e+08 -3.101e+08  1.327e+11  5.989e+08
 2.642e+07 -2.929e+08  2.910e+08 -6.117e+08  5.989e+08  1.306e+11
