 6.346e+10  4.013e+08  4.052e+08  6.697e+07  7.736e+06 -9.317e+07
 4.013e+08  6.317e+10  3.723e+08  1.182e+08  1.650e+08 -4.392e+06
 4.052e+08  3.723e+08  6.304e+10  1.300e+07  2.074e+08 -8.334e+07
 6.697e+07  1.182e+08  1.300e+07  3.148e+10 -6.221e+07  9.765e+07
 7.736e+06  1.650e+08  2.074e+08 -6.221e+07  3.134e+10  4.254e+07
-9.317e+07 -4.392e+06 -8.334e+07  9.765e+07  4.254e+07  3.146e+10
