 9.607e+10 -3.413e+10 -3.028e+10  2.315e+09  1.882e+09 -7.340e+08
-3.413e+10  9.247e+10 -2.745e+10 -6.285e+09  3.905e+09 -2.586e+09
-3.028e+10 -2.745e+10  8.716e+10  3.720e+09 -5.308e+09  3.588e+09
 2.315e+09 -6.285e+09  3.720e+09  6.554e+10 -1.142e+09 -1.939e+08
 1.882e+09  3.905e+09 -5.308e+09 -1.142e+09  6.014e+10  1.727e+09
-7.340e+08 -2.586e+09  3.588e+09 -1.939e+08  1.727e+09  5.492e+10
