 2.843e+11 -1.095e+11 -1.103e+11 -5.589e+07  3.041e+08 -9.308e+07
-1.095e+11  2.833e+11 -1.097e+11 -1.712e+08  3.456e+08 -6.227e+08
-1.103e+11 -1.097e+11  2.844e+11  4.861e+07 -7.172e+08  9.112e+08
-5.589e+07 -1.712e+08  4.861e+07  1.973e+11  6.548e+07  1.026e+08
 3.041e+08  3.456e+08 -7.172e+08  6.548e+07  1.964e+11 -5.063e+08
-9.308e+07 -6.227e+08  9.112e+08  1.026e+08 -5.063e+08  1.965e+11
