 1.907e+11 -7.317e+10 -7.179e+10  5.191e+09  8.903e+08  3.091e+09
-7.317e+10  1.928e+11 -7.314e+10 -3.660e+09 -5.584e+07 -4.183e+07
-7.179e+10 -7.314e+10  1.915e+11 -1.548e+09 -8.313e+08 -2.608e+09
 5.191e+09 -3.660e+09 -1.548e+09  1.328e+11  1.865e+09  2.233e+09
 8.903e+08 -5.584e+07 -8.313e+08  1.865e+09  1.371e+11 -1.200e+09
 3.091e+09 -4.183e+07 -2.608e+09  2.233e+09 -1.200e+09  1.343e+11
