 2.005e+11 -7.743e+10 -7.566e+10  1.316e+09 -1.001e+09 -4.718e+08
-7.743e+10  2.027e+11 -7.754e+10 -1.523e+09 -3.937e+08  9.132e+08
-7.566e+10 -7.754e+10  2.007e+11  4.224e+08  1.352e+09 -5.493e+08
 1.316e+09 -1.523e+09  4.224e+08  1.388e+11  8.362e+08  2.564e+07
-1.001e+09 -3.937e+08  1.352e+09  8.362e+08  1.390e+11  1.210e+09
-4.718e+08  9.132e+08 -5.493e+08  2.564e+07  1.210e+09  1.395e+11
