 2.970e+11 -1.142e+11 -1.156e+11  1.379e+09  4.489e+07 -1.159e+09
-1.142e+11  2.984e+11 -1.164e+11  3.146e+08 -3.413e+08  8.379e+08
-1.156e+11 -1.164e+11  2.996e+11 -1.090e+09  2.345e+08  3.691e+08
 1.379e+09  3.146e+08 -1.090e+09  2.072e+11  6.783e+08 -3.814e+08
 4.489e+07 -3.413e+08  2.345e+08  6.783e+08  2.068e+11  6.314e+08
-1.159e+09  8.379e+08  3.691e+08 -3.814e+08  6.314e+08  2.063e+11
