 2.436e+10  1.281e+09  1.277e+09  1.308e+07  4.900e+07  2.156e+08
 1.281e+09  2.468e+10  1.394e+09 -1.208e+08 -2.448e+07 -3.782e+05
 1.277e+09  1.394e+09  2.421e+10  7.935e+07  4.561e+07  1.161e+08
 1.308e+07 -1.208e+08  7.935e+07  1.154e+10  1.097e+08 -3.385e+06
 4.900e+07 -2.448e+07  4.561e+07  1.097e+08  1.167e+10  1.413e+07
 2.156e+08 -3.782e+05  1.161e+08 -3.385e+06  1.413e+07  1.134e+10
