 1.595e+11  4.506e+10  4.510e+10  2.809e+08  8.572e+07 -7.659e+08
 4.506e+10  1.596e+11  4.469e+10 -1.151e+08  9.604e+07 -1.307e+08
 4.510e+10  4.469e+10  1.597e+11 -4.751e+07  4.511e+07 -2.166e+08
 2.809e+08 -1.151e+08 -4.751e+07  5.720e+10 -1.579e+08  6.209e+07
 8.572e+07  9.604e+07  4.511e+07 -1.579e+08  5.693e+10 -1.404e+07
-7.659e+08 -1.307e+08 -2.166e+08  6.209e+07 -1.404e+07  5.729e+10
