 2.747e+10  1.155e+09  1.151e+09  3.858e+07 -1.150e+07 -1.613e+08
 1.155e+09  2.735e+10  1.081e+09  4.242e+07 -9.794e+06 -4.845e+07
 1.151e+09  1.081e+09  2.834e+10 -6.586e+06 -9.083e+07 -1.895e+08
 3.858e+07  4.242e+07 -6.586e+06  1.322e+10 -1.120e+08 -6.096e+07
-1.150e+07 -9.794e+06 -9.083e+07 -1.120e+08  1.356e+10 -7.545e+07
-1.613e+08 -4.845e+07 -1.895e+08 -6.096e+07 -7.545e+07  1.349e+10
