 2.731e+10  8.255e+09  7.944e+09  1.791e+08  6.443e+07  6.709e+07
 8.255e+09  2.752e+10  8.085e+09  1.193e+08  5.968e+06  2.203e+07
 7.944e+09  8.085e+09  2.769e+10  7.135e+07 -1.510e+08  2.435e+08
 1.791e+08  1.193e+08  7.135e+07  9.900e+09 -1.503e+07  1.503e+07
 6.443e+07  5.968e+06 -1.510e+08 -1.503e+07  9.640e+09  1.276e+08
 6.709e+07  2.203e+07  2.435e+08  1.503e+07  1.276e+08  9.656e+09
