 2.029e+11 -7.813e+10 -7.709e+10 -1.942e+09 -6.935e+08  8.932e+08
-7.813e+10  2.011e+11 -7.607e+10  8.325e+08 -1.894e+09  9.782e+08
-7.709e+10 -7.607e+10  2.003e+11  1.184e+09  2.831e+09 -1.950e+09
-1.942e+09  8.325e+08  1.184e+09  1.359e+11  9.851e+08 -9.275e+08
-6.935e+08 -1.894e+09  2.831e+09  9.851e+08  1.356e+11  2.224e+09
 8.932e+08  9.782e+08 -1.950e+09 -9.275e+08  2.224e+09  1.391e+11
