 2.692e+10  1.291e+09  1.326e+09  1.281e+08 -1.344e+07  4.110e+08
 1.291e+09  2.669e+10  1.133e+09  1.666e+08 -4.632e+07 -1.207e+08
 1.326e+09  1.133e+09  2.645e+10  2.849e+07 -5.864e+07  3.408e+08
 1.281e+08  1.666e+08  2.849e+07  1.287e+10  2.158e+08 -3.647e+07
-1.344e+07 -4.632e+07 -5.864e+07  2.158e+08  1.284e+10  5.961e+07
 4.110e+08 -1.207e+08  3.408e+08 -3.647e+07  5.961e+07  1.281e+10
