 2.661e+11  6.383e+08  6.830e+08  8.419e+08 -4.484e+06 -2.635e+08
 6.383e+08  2.653e+11  7.245e+08  8.828e+08  8.454e+07 -3.513e+07
 6.830e+08  7.245e+08  2.637e+11 -4.176e+07  1.022e+08 -2.276e+08
 8.419e+08  8.828e+08 -4.176e+07  1.324e+11 -1.321e+08  1.062e+07
-4.484e+06  8.454e+07  1.022e+08 -1.321e+08  1.319e+11  4.226e+08
-2.635e+08 -3.513e+07 -2.276e+08  1.062e+07  4.226e+08  1.321e+11
