 1.530e+10  5.232e+09  5.238e+09  2.137e+08 -2.085e+08  1.018e+08
 5.232e+09  1.540e+10  5.241e+09 -8.468e+05 -1.471e+08  1.151e+08
 5.238e+09  5.241e+09  1.437e+10 -6.085e+07 -7.038e+07  6.400e+07
 2.137e+08 -8.468e+05 -6.085e+07  4.908e+09  4.948e+07 -1.610e+08
-2.085e+08 -1.471e+08 -7.038e+07  4.948e+07  4.763e+09 -3.998e+07
 1.018e+08  1.151e+08  6.400e+07 -1.610e+08 -3.998e+07  5.171e+09
