 2.835e+10  9.527e+08  1.162e+09  1.645e+06  1.494e+08  5.190e+08
 9.527e+08  2.756e+10  8.551e+08 -1.447e+08  8.644e+07 -2.138e+08
 1.162e+09  8.551e+08  2.569e+10  1.771e+08 -2.837e+07  4.971e+08
 1.645e+06 -1.447e+08  1.771e+08  1.328e+10  6.673e+07  9.361e+07
 1.494e+08  8.644e+07 -2.837e+07  6.673e+07  1.233e+10  2.851e+08
 5.190e+08 -2.138e+08  4.971e+08  9.361e+07  2.851e+08  1.282e+10
