 2.827e+11 -1.095e+11 -1.092e+11  1.714e+08  3.679e+08 -4.086e+08
-1.095e+11  2.839e+11 -1.103e+11  5.527e+08 -5.910e+08  4.011e+08
-1.092e+11 -1.103e+11  2.837e+11 -5.075e+08  9.125e+07 -1.964e+08
 1.714e+08  5.527e+08 -5.075e+08  1.963e+11 -2.458e+07 -3.804e+07
 3.679e+08 -5.910e+08  9.125e+07 -2.458e+07  1.957e+11  1.315e+07
-4.086e+08  4.011e+08 -1.964e+08 -3.804e+07  1.315e+07  1.963e+11
