 1.146e+12 -4.490e+11 -4.437e+11  2.579e+09 -4.432e+08 -1.075e+09
-4.490e+11  1.149e+12 -4.463e+11  3.099e+08 -3.861e+08  1.291e+09
-4.437e+11 -4.463e+11  1.142e+12 -1.854e+09  1.194e+09 -7.126e+08
 2.579e+09  3.099e+08 -1.854e+09  7.926e+11 -1.912e+08  5.857e+08
-4.432e+08 -3.861e+08  1.194e+09 -1.912e+08  7.922e+11  8.047e+08
-1.075e+09  1.291e+09 -7.126e+08  5.857e+08  8.047e+08  7.950e+11
