 1.613e+11  4.544e+10  4.555e+10  7.551e+08  7.254e+07 -2.477e+08
 4.544e+10  1.610e+11  4.505e+10  8.292e+08  1.148e+08  1.151e+08
 4.555e+10  4.505e+10  1.608e+11 -3.468e+07 -3.126e+08 -7.456e+07
 7.551e+08  8.292e+08 -3.468e+07  5.775e+10  1.511e+08  6.387e+07
 7.254e+07  1.148e+08 -3.126e+08  1.511e+08  5.739e+10  2.347e+06
-2.477e+08  1.151e+08 -7.456e+07  6.387e+07  2.347e+06  5.790e+10
