 2.704e+10  8.018e+09  8.530e+09 -3.071e+08  2.704e+07 -5.362e+07
 8.018e+09  2.785e+10  7.891e+09  3.452e+08 -7.823e+08 -1.246e+08
 8.530e+09  7.891e+09  2.808e+10  7.828e+07 -3.630e+08 -4.461e+08
-3.071e+08  3.452e+08  7.828e+07  9.521e+09 -1.249e+08 -9.209e+07
 2.704e+07 -7.823e+08 -3.630e+08 -1.249e+08  9.461e+09  7.252e+07
-5.362e+07 -1.246e+08 -4.461e+08 -9.209e+07  7.252e+07  1.001e+10
