 2.499e+11  7.325e+08  6.744e+08  7.021e+07 -3.843e+07 -5.774e+08
 7.325e+08  2.496e+11  6.711e+08  8.708e+07  7.861e+07 -1.475e+06
 6.744e+08  6.711e+08  2.499e+11  2.100e+06  1.086e+08 -5.395e+08
 7.021e+07  8.708e+07  2.100e+06  1.246e+11 -2.950e+08  2.644e+07
-3.843e+07  7.861e+07  1.086e+08 -2.950e+08  1.246e+11  1.065e+08
-5.774e+08 -1.475e+06 -5.395e+08  2.644e+07  1.065e+08  1.246e+11
