 1.217e+12 -4.790e+11 -4.682e+11 -1.292e+10  6.845e+08  8.260e+07
-4.790e+11  1.222e+12 -4.727e+11  8.231e+09 -2.547e+08 -2.126e+09
-4.682e+11 -4.727e+11  1.208e+12  3.691e+09 -7.132e+08  2.842e+09
-1.292e+10  8.231e+09  3.691e+09  8.449e+11  6.747e+08 -5.223e+08
 6.845e+08 -2.547e+08 -7.132e+08  6.747e+08  8.436e+11  1.714e+09
 8.260e+07 -2.126e+09  2.842e+09 -5.223e+08  1.714e+09  8.510e+11
