 9.408e+11 -4.336e+11 -4.417e+11  1.263e+09 -1.668e+08  6.702e+08
-4.336e+11  9.329e+11 -4.344e+11 -2.582e+09 -7.563e+08  1.723e+09
-4.417e+11 -4.344e+11  9.415e+11  1.097e+09  7.214e+08 -2.877e+09
 1.263e+09 -2.582e+09  1.097e+09  6.914e+11 -2.709e+09 -1.002e+09
-1.668e+08 -7.563e+08  7.214e+08 -2.709e+09  6.889e+11 -5.904e+08
 6.702e+08  1.723e+09 -2.877e+09 -1.002e+09 -5.904e+08  6.883e+11
