 8.606e+10 -2.633e+10 -2.935e+10 -3.461e+09  1.748e+09 -1.229e+08
-2.633e+10  8.075e+10 -2.427e+10  2.135e+09 -3.620e+08 -1.811e+09
-2.935e+10 -2.427e+10  8.355e+10  1.489e+09 -1.635e+09  2.174e+09
-3.461e+09  2.135e+09  1.489e+09  5.825e+10 -3.813e+08  4.083e+08
 1.748e+09 -3.620e+08 -1.635e+09 -3.813e+08  5.296e+10  4.217e+08
-1.229e+08 -1.811e+09  2.174e+09  4.083e+08  4.217e+08  5.251e+10
