 1.688e+10  5.545e+09  5.425e+09 -8.017e+07  1.300e+07  3.733e+08
 5.545e+09  1.606e+10  5.550e+09 -1.724e+08  3.050e+07 -4.793e+07
 5.425e+09  5.550e+09  1.665e+10 -1.283e+08  8.431e+07  1.540e+08
-8.017e+07 -1.724e+08 -1.283e+08  5.429e+09 -2.470e+06  1.257e+08
 1.300e+07  3.050e+07  8.431e+07 -2.470e+06  5.534e+09 -1.142e+08
 3.733e+08 -4.793e+07  1.540e+08  1.257e+08 -1.142e+08  5.313e+09
