 2.960e+11 -1.151e+11 -1.135e+11  2.731e+09  8.338e+07  6.359e+08
-1.151e+11  3.015e+11 -1.189e+11 -4.092e+09 -4.176e+08 -1.096e+09
-1.135e+11 -1.189e+11  2.997e+11  9.433e+08  1.134e+09  2.164e+09
 2.731e+09 -4.092e+09  9.433e+08  2.051e+11  2.857e+09  2.506e+09
 8.338e+07 -4.176e+08  1.134e+09  2.857e+09  2.009e+11 -1.635e+07
 6.359e+08 -1.096e+09  2.164e+09  2.506e+09 -1.635e+07  2.073e+11
