 1.155e+12 -4.483e+11 -4.503e+11 -5.434e+08 -3.511e+09 -4.928e+08
-4.483e+11  1.157e+12 -4.531e+11  1.186e+09  5.968e+09 -1.351e+09
-4.503e+11 -4.531e+11  1.161e+12 -4.782e+08 -1.369e+09  2.678e+09
-5.434e+08  1.186e+09 -4.782e+08  8.033e+11  1.550e+09 -3.564e+08
-3.511e+09  5.968e+09 -1.369e+09  1.550e+09  8.018e+11  1.176e+08
-4.928e+08 -1.351e+09  2.678e+09 -3.564e+08  1.176e+08  8.066e+11
