 2.627e+10  1.307e+09  1.169e+09 -6.020e+07  4.861e+07  1.384e+08
 1.307e+09  2.606e+10  1.261e+09  1.173e+08 -1.004e+08 -8.599e+07
 1.169e+09  1.261e+09  2.562e+10  1.092e+08 -2.338e+08  2.012e+08
-6.020e+07  1.173e+08  1.092e+08  1.261e+10  9.972e+07 -1.082e+08
 4.861e+07 -1.004e+08 -2.338e+08  9.972e+07  1.209e+10 -2.190e+07
 1.384e+08 -8.599e+07  2.012e+08 -1.082e+08 -2.190e+07  1.211e+10
