 4.559e+10  5.158e+08  4.387e+08  1.656e+08 -1.200e+06  5.822e+07
 5.158e+08  4.539e+10  4.431e+08  1.287e+08 -3.216e+07 -9.080e+05
 4.387e+08  4.431e+08  4.605e+10 -1.496e+07  3.046e+07  4.504e+07
 1.656e+08  1.287e+08 -1.496e+07  2.255e+10  4.175e+07 -3.309e+07
-1.200e+06 -3.216e+07  3.046e+07  4.175e+07  2.262e+10  6.433e+07
 5.822e+07 -9.080e+05  4.504e+07 -3.309e+07  6.433e+07  2.269e+10
