 4.019e+10  1.120e+10  1.137e+10 -9.528e+07 -4.908e+07  1.429e+08
 1.120e+10  3.984e+10  1.127e+10 -6.478e+07 -5.205e+07  3.882e+07
 1.137e+10  1.127e+10  3.999e+10  1.179e+07  3.606e+07  2.936e+06
-9.528e+07 -6.478e+07  1.179e+07  1.430e+10  5.177e+07 -4.696e+07
-4.908e+07 -5.205e+07  3.606e+07  5.177e+07  1.436e+10 -1.015e+06
 1.429e+08  3.882e+07  2.936e+06 -4.696e+07 -1.015e+06  1.445e+10
