 2.917e+10  8.061e+09  8.610e+09 -8.030e+07  1.049e+08 -5.043e+08
 8.061e+09  2.965e+10  8.563e+09  2.682e+08 -2.059e+07  5.383e+07
 8.610e+09  8.563e+09  2.923e+10 -1.305e+08 -2.276e+08  7.714e+08
-8.030e+07  2.682e+08 -1.305e+08  9.899e+09 -7.902e+07  1.114e+08
 1.049e+08 -2.059e+07 -2.276e+08 -7.902e+07  1.047e+10 -2.692e+07
-5.043e+08  5.383e+07  7.714e+08  1.114e+08 -2.692e+07  1.047e+10
