 4.517e+10  4.889e+08  4.690e+08  1.821e+07  2.048e+07 -2.495e+07
 4.889e+08  4.430e+10  4.915e+08 -3.483e+07 -5.745e+07  2.239e+07
 4.690e+08  4.915e+08  4.442e+10 -1.552e+07  1.720e+06  9.618e+07
 1.821e+07 -3.483e+07 -1.552e+07  2.213e+10 -4.114e+07 -2.110e+07
 2.048e+07 -5.745e+07  1.720e+06 -4.114e+07  2.190e+10  5.128e+05
-2.495e+07  2.239e+07  9.618e+07 -2.110e+07  5.128e+05  2.215e+10
