 1.891e+11 -7.259e+10 -7.104e+10  8.111e+08 -3.058e+08  6.318e+08
-7.259e+10  1.924e+11 -7.402e+10 -6.862e+08  1.671e+09 -4.149e+08
-7.104e+10 -7.402e+10  1.907e+11  4.721e+07 -1.478e+09 -1.717e+08
 8.111e+08 -6.862e+08  4.721e+07  1.327e+11  7.327e+07 -3.910e+08
-3.058e+08  1.671e+09 -1.478e+09  7.327e+07  1.326e+11  7.011e+08
 6.318e+08 -4.149e+08 -1.717e+08 -3.910e+08  7.011e+08  1.336e+11
