 4.584e+10  4.286e+08  4.421e+08  8.159e+07 -4.417e+07 -7.219e+07
 4.286e+08  4.622e+10  4.125e+08  7.528e+07 -1.312e+07 -1.505e+06
 4.421e+08  4.125e+08  4.595e+10 -8.717e+06  1.717e+07 -1.070e+08
 8.159e+07  7.528e+07 -8.717e+06  2.277e+10 -3.004e+07 -7.507e+05
-4.417e+07 -1.312e+07  1.717e+07 -3.004e+07  2.278e+10  5.875e+07
-7.219e+07 -1.505e+06 -1.070e+08 -7.507e+05  5.875e+07  2.271e+10
