 4.491e+10  4.539e+08  4.494e+08 -2.569e+08 -2.161e+07  1.293e+08
 4.539e+08  4.456e+10  4.216e+08 -2.199e+08  2.556e+08 -3.740e+07
 4.494e+08  4.216e+08  4.459e+10 -4.223e+07  3.279e+08 -8.303e+07
-2.569e+08 -2.199e+08 -4.223e+07  2.214e+10  3.624e+07  1.057e+08
-2.161e+07  2.556e+08  3.279e+08  3.624e+07  2.203e+10 -1.671e+08
 1.293e+08 -3.740e+07 -8.303e+07  1.057e+08 -1.671e+08  2.204e+10
