 5.856e+11 -2.749e+11 -2.797e+11  2.506e+10 -1.429e+10 -5.061e+09
-2.749e+11  6.394e+11 -3.336e+11 -1.081e+10  1.225e+10  8.034e+09
-2.797e+11 -3.336e+11  6.434e+11 -1.381e+10  1.922e+09 -3.312e+09
 2.506e+10 -1.081e+10 -1.381e+10  4.214e+11 -4.802e+09 -1.431e+10
-1.429e+10  1.225e+10  1.922e+09 -4.802e+09  4.098e+11  6.815e+09
-5.061e+09  8.034e+09 -3.312e+09 -1.431e+10  6.815e+09  4.098e+11
