 9.226e+10 -2.849e+10 -3.250e+10  7.926e+08  9.009e+08  2.006e+08
-2.849e+10  9.188e+10 -3.208e+10  5.130e+08 -7.118e+08 -7.741e+08
-3.250e+10 -3.208e+10  9.546e+10 -1.464e+09 -2.771e+08  7.606e+08
 7.926e+08  5.130e+08 -1.464e+09  6.146e+10 -8.655e+07 -4.884e+08
 9.009e+08 -7.118e+08 -2.771e+08 -8.655e+07  5.932e+10  1.984e+08
 2.006e+08 -7.741e+08  7.606e+08 -4.884e+08  1.984e+08  5.877e+10
