 8.688e+10 -2.867e+10 -2.752e+10  5.427e+08 -1.126e+09  3.549e+09
-2.867e+10  9.176e+10 -3.231e+10  1.608e+09 -2.929e+09 -6.634e+08
-2.752e+10 -3.231e+10  9.090e+10 -1.807e+09  3.315e+09 -2.927e+09
 5.427e+08  1.608e+09 -1.807e+09  6.050e+10 -8.040e+08 -3.588e+08
-1.126e+09 -2.929e+09  3.315e+09 -8.040e+08  6.037e+10  6.843e+08
 3.549e+09 -6.634e+08 -2.927e+09 -3.588e+08  6.843e+08  6.427e+10
