 1.548e+10  5.821e+09  5.651e+09  6.208e+08 -4.534e+07 -5.494e+08
 5.821e+09  1.972e+10  5.484e+09  2.776e+08 -2.268e+08 -2.708e+08
 5.651e+09  5.484e+09  1.777e+10  2.785e+08 -1.977e+08  2.134e+08
 6.208e+08  2.776e+08  2.785e+08  5.583e+09 -4.152e+08  9.500e+07
-4.534e+07 -2.268e+08 -1.977e+08 -4.152e+08  5.563e+09  2.850e+08
-5.494e+08 -2.708e+08  2.134e+08  9.500e+07  2.850e+08  5.747e+09
