 1.142e+12 -4.449e+11 -4.436e+11  1.305e+09  9.060e+07 -1.150e+09
-4.449e+11  1.142e+12 -4.451e+11 -7.412e+08  1.639e+09  5.561e+08
-4.436e+11 -4.451e+11  1.142e+12 -3.122e+07 -1.804e+09  1.067e+08
 1.305e+09 -7.412e+08 -3.122e+07  7.946e+11 -6.268e+08 -1.929e+08
 9.060e+07  1.639e+09 -1.804e+09 -6.268e+08  7.914e+11  8.530e+08
-1.150e+09  5.561e+08  1.067e+08 -1.929e+08  8.530e+08  7.969e+11
