 4.375e+10  4.639e+08  4.184e+08  1.935e+08  2.929e+07  1.152e+08
 4.639e+08  4.397e+10  5.375e+08  1.693e+08 -8.399e+07  1.651e+07
 4.184e+08  5.375e+08  4.385e+10 -2.091e+07 -3.386e+07  1.662e+08
 1.935e+08  1.693e+08 -2.091e+07  2.169e+10  9.072e+07 -2.328e+07
 2.929e+07 -8.399e+07 -3.386e+07  9.072e+07  2.173e+10  1.074e+08
 1.152e+08  1.651e+07  1.662e+08 -2.328e+07  1.074e+08  2.166e+10
