 1.766e+11  5.004e+10  4.978e+10 -2.546e+08  2.265e+08  4.610e+08
 5.004e+10  1.772e+11  5.029e+10 -3.073e+08  3.354e+08 -3.232e+08
 4.978e+10  5.029e+10  1.776e+11 -2.832e+08  1.150e+08  1.125e+08
-2.546e+08 -3.073e+08 -2.832e+08  6.352e+10 -2.906e+08  2.765e+08
 2.265e+08  3.354e+08  1.150e+08 -2.906e+08  6.383e+10 -3.129e+08
 4.610e+08 -3.232e+08  1.125e+08  2.765e+08 -3.129e+08  6.322e+10
