 2.996e+11 -1.147e+11 -1.173e+11  1.244e+09 -1.481e+08  1.528e+09
-1.147e+11  2.976e+11 -1.151e+11  3.183e+08 -2.284e+08 -1.294e+09
-1.173e+11 -1.151e+11  3.002e+11 -1.532e+09  4.822e+08 -5.163e+08
 1.244e+09  3.183e+08 -1.532e+09  2.051e+11 -2.365e+09  7.472e+08
-1.481e+08 -2.284e+08  4.822e+08 -2.365e+09  2.068e+11 -1.435e+09
 1.528e+09 -1.294e+09 -5.163e+08  7.472e+08 -1.435e+09  2.062e+11
