 1.772e+11  4.925e+10  5.115e+10 -5.021e+07  3.558e+08 -7.204e+08
 4.925e+10  1.799e+11  4.832e+10 -1.066e+09  1.205e+08 -8.578e+08
 5.115e+10  4.832e+10  1.822e+11  4.757e+08  3.930e+08  1.848e+08
-5.021e+07 -1.066e+09  4.757e+08  6.287e+10 -9.139e+08  4.449e+08
 3.558e+08  1.205e+08  3.930e+08 -9.139e+08  6.219e+10  4.025e+08
-7.204e+08 -8.578e+08  1.848e+08  4.449e+08  4.025e+08  6.504e+10
