 2.716e+10  1.257e+09  1.260e+09  2.179e+08 -2.912e+08  2.404e+08
 1.257e+09  2.943e+10  9.504e+08 -1.108e+08  8.944e+08  1.049e+08
 1.260e+09  9.504e+08  2.872e+10  1.122e+08  1.050e+09  3.285e+08
 2.179e+08 -1.108e+08  1.122e+08  1.371e+10  4.369e+06  3.743e+08
-2.912e+08  8.944e+08  1.050e+09  4.369e+06  1.345e+10  1.339e+08
 2.404e+08  1.049e+08  3.285e+08  3.743e+08  1.339e+08  1.314e+10
