 1.935e+11 -7.405e+10 -7.331e+10 -2.233e+09 -5.448e+07 -9.457e+08
-7.405e+10  1.927e+11 -7.319e+10  2.373e+09 -4.013e+08 -4.182e+08
-7.331e+10 -7.319e+10  1.923e+11 -1.653e+08  3.649e+08  1.295e+09
-2.233e+09  2.373e+09 -1.653e+08  1.327e+11  3.081e+08 -6.353e+08
-5.448e+07 -4.013e+08  3.649e+08  3.081e+08  1.323e+11  7.899e+07
-9.457e+08 -4.182e+08  1.295e+09 -6.353e+08  7.899e+07  1.348e+11
