 9.932e+10 -3.369e+10 -3.332e+10 -5.584e+08 -3.256e+08 -9.117e+08
-3.369e+10  9.579e+10 -3.023e+10 -8.316e+08 -1.218e+09 -3.291e+07
-3.332e+10 -3.023e+10  9.462e+10  1.683e+09  1.569e+09  1.211e+09
-5.584e+08 -8.316e+08  1.683e+09  6.122e+10  5.881e+07 -6.641e+08
-3.256e+08 -1.218e+09  1.569e+09  5.881e+07  6.281e+10  1.527e+09
-9.117e+08 -3.291e+07  1.211e+09 -6.641e+08  1.527e+09  6.366e+10
