 7.338e+10 -2.169e+10 -2.249e+10 -3.928e+08 -1.417e+09 -8.503e+08
-2.169e+10  7.635e+10 -2.518e+10 -1.228e+09  3.068e+09 -1.056e+09
-2.249e+10 -2.518e+10  7.649e+10  9.313e+08 -1.211e+09  2.097e+09
-3.928e+08 -1.228e+09  9.313e+08  5.257e+10  5.227e+08 -7.333e+07
-1.417e+09  3.068e+09 -1.211e+09  5.227e+08  5.064e+10 -6.276e+08
-8.503e+08 -1.056e+09  2.097e+09 -7.333e+07 -6.276e+08  5.263e+10
