 3.712e+13 -1.844e+13 -1.842e+13  1.332e+11 -9.906e+10 -1.071e+11
-1.844e+13  3.735e+13 -1.865e+13 -9.780e+10  8.194e+10 -1.562e+10
-1.842e+13 -1.865e+13  3.733e+13 -3.523e+10  1.705e+10  1.246e+11
 1.332e+11 -9.780e+10 -3.523e+10  2.786e+13  1.729e+11 -9.459e+10
-9.906e+10  8.194e+10  1.705e+10  1.729e+11  2.767e+13 -9.821e+09
-1.071e+11 -1.562e+10  1.246e+11 -9.459e+10 -9.821e+09  2.772e+13
