 6.563e+10  4.390e+08  3.808e+08  3.258e+08  2.888e+07  5.486e+06
 4.390e+08  6.613e+10  3.813e+08  3.028e+08 -6.079e+07  3.974e+06
 3.808e+08  3.813e+08  6.609e+10 -5.173e+07 -4.782e+07  8.326e+06
 3.258e+08  3.028e+08 -5.173e+07  3.279e+10 -3.118e+06 -1.372e+07
 2.888e+07 -6.079e+07 -4.782e+07 -3.118e+06  3.291e+10  1.154e+08
 5.486e+06  3.974e+06  8.326e+06 -1.372e+07  1.154e+08  3.277e+10
