 3.978e+10  1.122e+10  1.125e+10  9.865e+07 -4.728e+07 -6.722e+07
 1.122e+10  3.989e+10  1.131e+10  6.390e+07 -1.732e+06 -4.905e+07
 1.125e+10  1.131e+10  3.995e+10  2.716e+07 -8.315e+07 -8.328e+07
 9.865e+07  6.390e+07  2.716e+07  1.433e+10 -5.277e+07 -6.123e+07
-4.728e+07 -1.732e+06 -8.315e+07 -5.277e+07  1.438e+10  3.717e+07
-6.722e+07 -4.905e+07 -8.328e+07 -6.123e+07  3.717e+07  1.431e+10
