 4.457e+10  4.442e+08  4.070e+08 -5.423e+07  9.989e+06 -6.468e+07
 4.442e+08  4.384e+10  4.663e+08  1.500e+07 -4.883e+07 -2.289e+07
 4.070e+08  4.663e+08  4.432e+10 -2.691e+05 -4.258e+07  2.133e+07
-5.423e+07  1.500e+07 -2.691e+05  2.185e+10 -5.393e+06 -6.020e+06
 9.989e+06 -4.883e+07 -4.258e+07 -5.393e+06  2.180e+10  6.635e+05
-6.468e+07 -2.289e+07  2.133e+07 -6.020e+06  6.635e+05  2.196e+10
