 1.572e+10  5.362e+09  5.754e+09 -7.292e+07 -1.288e+08  7.950e+07
 5.362e+09  1.582e+10  5.108e+09  5.384e+08  1.495e+08 -2.121e+07
 5.754e+09  5.108e+09  1.532e+10  5.721e+07 -1.843e+08  4.202e+08
-7.292e+07  5.384e+08  5.721e+07  5.059e+09 -2.285e+07 -1.004e+08
-1.288e+08  1.495e+08 -1.843e+08 -2.285e+07  4.816e+09  1.618e+08
 7.950e+07 -2.121e+07  4.202e+08 -1.004e+08  1.618e+08  5.118e+09
