 6.361e+10  4.041e+08  3.882e+08 -2.681e+08  1.152e+07  2.609e+08
 4.041e+08  6.466e+10  4.000e+08 -2.797e+08  6.766e+07 -3.104e+07
 3.882e+08  4.000e+08  6.367e+10 -1.557e+07  7.863e+07  3.152e+08
-2.681e+08 -2.797e+08 -1.557e+07  3.187e+10  1.365e+08  3.212e+07
 1.152e+07  6.766e+07  7.863e+07  1.365e+08  3.186e+10 -1.465e+08
 2.609e+08 -3.104e+07  3.152e+08  3.212e+07 -1.465e+08  3.160e+10
