 2.627e+11  6.761e+08  7.542e+08  5.589e+08  1.650e+07 -2.113e+08
 6.761e+08  2.621e+11  6.293e+08  4.311e+08 -3.950e+08  3.359e+07
 7.542e+08  6.293e+08  2.619e+11  5.390e+07 -3.507e+08 -1.735e+08
 5.589e+08  4.311e+08  5.390e+07  1.309e+11 -3.321e+07 -1.712e+08
 1.650e+07 -3.950e+08 -3.507e+08 -3.321e+07  1.306e+11  2.236e+08
-2.113e+08  3.359e+07 -1.735e+08 -1.712e+08  2.236e+08  1.308e+11
