 4.378e+10  4.245e+08  5.131e+08 -5.743e+07  1.248e+06 -6.744e+07
 4.245e+08  4.384e+10  4.626e+08 -1.987e+07  3.901e+07  1.698e+07
 5.131e+08  4.626e+08  4.362e+10 -1.597e+07  5.381e+07 -3.216e+07
-5.743e+07 -1.987e+07 -1.597e+07  2.163e+10 -2.740e+07  7.001e+07
 1.248e+06  3.901e+07  5.381e+07 -2.740e+07  2.159e+10 -4.717e+07
-6.744e+07  1.698e+07 -3.216e+07  7.001e+07 -4.717e+07  2.162e+10
