 9.400e+10 -3.404e+10 -2.817e+10 -6.934e+09  4.699e+09 -5.528e+09
-3.404e+10  9.579e+10 -2.866e+10  6.349e+09 -4.496e+09  4.847e+09
-2.817e+10 -2.866e+10  8.873e+10  7.283e+08 -7.252e+08  1.135e+09
-6.934e+09  6.349e+09  7.283e+08  6.814e+10  1.732e+09  1.852e+09
 4.699e+09 -4.496e+09 -7.252e+08  1.732e+09  7.093e+10  2.470e+09
-5.528e+09  4.847e+09  1.135e+09  1.852e+09  2.470e+09  6.361e+10
