 1.514e+10  5.185e+09  5.242e+09  1.198e+08 -5.768e+07 -3.394e+08
 5.185e+09  1.426e+10  5.110e+09 -1.207e+08 -8.475e+07 -2.143e+08
 5.242e+09  5.110e+09  1.481e+10  3.998e+07 -2.169e+08 -9.993e+07
 1.198e+08 -1.207e+08  3.998e+07  4.843e+09 -1.659e+08 -1.080e+08
-5.768e+07 -8.475e+07 -2.169e+08 -1.659e+08  4.716e+09  7.780e+07
-3.394e+08 -2.143e+08 -9.993e+07 -1.080e+08  7.780e+07  4.931e+09
