 1.906e+11 -7.384e+10 -7.132e+10  3.545e+08 -8.047e+08 -2.635e+08
-7.384e+10  1.926e+11 -7.323e+10 -3.908e+08  1.922e+08  4.333e+08
-7.132e+10 -7.323e+10  1.899e+11 -5.308e+07  7.442e+08 -2.764e+08
 3.545e+08 -3.908e+08 -5.308e+07  1.296e+11 -1.471e+08  8.944e+08
-8.047e+08  1.922e+08  7.442e+08 -1.471e+08  1.301e+11 -5.925e+08
-2.635e+08  4.333e+08 -2.764e+08  8.944e+08 -5.925e+08  1.318e+11
