 2.364e+11 -1.031e+11 -1.025e+11  9.148e+09 -6.125e+09 -2.307e+09
-1.031e+11  2.551e+11 -1.210e+11 -3.964e+09  5.121e+09  3.111e+09
-1.025e+11 -1.210e+11  2.534e+11 -4.789e+09  9.133e+08 -1.090e+09
 9.148e+09 -3.964e+09 -4.789e+09  1.659e+11 -9.324e+08 -5.400e+09
-6.125e+09  5.121e+09  9.133e+08 -9.324e+08  1.608e+11  2.180e+09
-2.307e+09  3.111e+09 -1.090e+09 -5.400e+09  2.180e+09  1.606e+11
