 1.619e+11  4.560e+10  4.544e+10  4.287e+08  1.397e+08  3.623e+08
 4.560e+10  1.605e+11  4.541e+10 -7.395e+07 -3.880e+08 -1.676e+08
 4.544e+10  4.541e+10  1.620e+11 -5.768e+07 -4.271e+07  5.258e+08
 4.287e+08 -7.395e+07 -5.768e+07  5.792e+10 -1.718e+08  1.143e+08
 1.397e+08 -3.880e+08 -4.271e+07 -1.718e+08  5.774e+10 -4.920e+07
 3.623e+08 -1.676e+08  5.258e+08  1.143e+08 -4.920e+07  5.777e+10
