 2.886e+11 -1.105e+11 -1.126e+11  2.586e+08 -8.503e+07 -1.974e+07
-1.105e+11  2.860e+11 -1.108e+11 -7.455e+08 -2.209e+08  4.252e+08
-1.126e+11 -1.108e+11  2.887e+11  2.647e+08  1.034e+08 -8.865e+08
 2.586e+08 -7.455e+08  2.647e+08  2.005e+11 -7.864e+08 -3.185e+08
-8.503e+07 -2.209e+08  1.034e+08 -7.864e+08  1.998e+11 -1.913e+08
-1.974e+07  4.252e+08 -8.865e+08 -3.185e+08 -1.913e+08  1.998e+11
