 1.230e+12 -4.785e+11 -4.787e+11  1.346e+10  2.165e+08 -2.281e+09
-4.785e+11  1.218e+12 -4.683e+11 -4.363e+09 -3.041e+08 -2.096e+09
-4.787e+11 -4.683e+11  1.218e+12 -6.600e+09 -1.349e+09  6.054e+09
 1.346e+10 -4.363e+09 -6.600e+09  8.558e+11  6.929e+08 -4.349e+09
 2.165e+08 -3.041e+08 -1.349e+09  6.929e+08  8.591e+11  4.160e+08
-2.281e+09 -2.096e+09  6.054e+09 -4.349e+09  4.160e+08  8.537e+11
