 1.930e+11 -7.355e+10 -7.364e+10 -1.269e+08 -5.930e+08  2.191e+09
-7.355e+10  1.936e+11 -7.434e+10  5.832e+08 -2.926e+08 -2.177e+09
-7.364e+10 -7.434e+10  1.941e+11 -4.831e+08  8.300e+08  1.822e+08
-1.269e+08  5.832e+08 -4.831e+08  1.325e+11 -1.295e+09 -1.588e+08
-5.930e+08 -2.926e+08  8.300e+08 -1.295e+09  1.346e+11  2.037e+07
 2.191e+09 -2.177e+09  1.822e+08 -1.588e+08  2.037e+07  1.343e+11
