 4.419e+10  4.558e+08  4.582e+08 -1.345e+07 -2.787e+07  1.407e+08
 4.558e+08  4.415e+10  4.084e+08  1.908e+07 -2.104e+07 -3.317e+07
 4.582e+08  4.084e+08  4.461e+10 -2.449e+07  4.997e+07  7.403e+07
-1.345e+07  1.908e+07 -2.449e+07  2.185e+10  2.608e+07  2.585e+06
-2.787e+07 -2.104e+07  4.997e+07  2.608e+07  2.197e+10  1.485e+07
 1.407e+08 -3.317e+07  7.403e+07  2.585e+06  1.485e+07  2.197e+10
