 1.366e+10  4.911e+09  4.981e+09  2.399e+08  9.604e+07 -3.084e+08
 4.911e+09  1.330e+10  4.870e+09 -4.087e+07  4.110e+07 -1.125e+08
 4.981e+09  4.870e+09  1.421e+10  3.584e+07  8.223e+07 -2.295e+08
 2.399e+08 -4.087e+07  3.584e+07  4.434e+09 -6.224e+07  8.743e+07
 9.604e+07  4.110e+07  8.223e+07 -6.224e+07  4.418e+09  5.325e+07
-3.084e+08 -1.125e+08 -2.295e+08  8.743e+07  5.325e+07  4.482e+09
