 1.273e+12 -4.859e+11 -5.068e+11 -1.360e+09 -5.101e+09 -4.653e+08
-4.859e+11  1.246e+12 -4.797e+11  4.454e+09  5.140e+09  8.744e+09
-5.068e+11 -4.797e+11  1.273e+12 -4.102e+09  8.664e+08 -9.419e+09
-1.360e+09  4.454e+09 -4.102e+09  8.884e+11  7.258e+09 -1.063e+09
-5.101e+09  5.140e+09  8.664e+08  7.258e+09  9.096e+11 -7.570e+09
-4.653e+08  8.744e+09 -9.419e+09 -1.063e+09 -7.570e+09  8.809e+11
