 8.947e+10 -2.594e+10 -3.326e+10 -2.036e+09 -5.029e+09  4.464e+09
-2.594e+10  9.914e+10 -3.982e+10 -2.866e+09  3.121e+09  1.003e+09
-3.326e+10 -3.982e+10  1.057e+11  4.530e+09  3.683e+09 -4.674e+09
-2.036e+09 -2.866e+09  4.530e+09  7.031e+10 -7.888e+08 -6.523e+07
-5.029e+09  3.121e+09  3.683e+09 -7.888e+08  6.160e+10  4.482e+09
 4.464e+09  1.003e+09 -4.674e+09 -6.523e+07  4.482e+09  5.892e+10
