 4.414e+10  4.626e+08  4.966e+08  3.920e+07  1.429e+07  3.128e+07
 4.626e+08  4.423e+10  4.637e+08  1.405e+08 -1.338e+08 -5.017e+07
 4.966e+08  4.637e+08  4.399e+10 -8.626e+06 -2.165e+08  1.781e+06
 3.920e+07  1.405e+08 -8.626e+06  2.189e+10 -1.395e+07 -8.073e+07
 1.429e+07 -1.338e+08 -2.165e+08 -1.395e+07  2.185e+10  2.300e+07
 3.128e+07 -5.017e+07  1.781e+06 -8.073e+07  2.300e+07  2.189e+10
