 1.942e+11 -7.245e+10 -7.453e+10 -2.650e+08  2.479e+09  8.221e+07
-7.245e+10  1.973e+11 -7.778e+10  9.726e+07 -1.629e+09  1.777e+08
-7.453e+10 -7.778e+10  2.006e+11 -1.138e+08 -1.378e+09 -5.773e+08
-2.650e+08  9.726e+07 -1.138e+08  1.409e+11 -1.738e+09  3.671e+08
 2.479e+09 -1.629e+09 -1.378e+09 -1.738e+09  1.389e+11 -1.736e+09
 8.221e+07  1.777e+08 -5.773e+08  3.671e+08 -1.736e+09  1.443e+11
