 1.248e+12 -4.768e+11 -4.907e+11 -5.357e+08 -1.375e+09  8.025e+09
-4.768e+11  1.234e+12 -4.844e+11 -6.517e+09 -2.635e+09  4.859e+07
-4.907e+11 -4.844e+11  1.249e+12  7.267e+09  4.075e+09 -1.058e+10
-5.357e+08 -6.517e+09  7.267e+09  8.788e+11 -6.808e+09 -2.418e+09
-1.375e+09 -2.635e+09  4.075e+09 -6.808e+09  8.516e+11  8.220e+09
 8.025e+09  4.859e+07 -1.058e+10 -2.418e+09  8.220e+09  8.640e+11
