 1.700e+11  4.786e+10  4.783e+10 -9.559e+07 -2.726e+08 -6.609e+08
 4.786e+10  1.699e+11  4.719e+10  1.702e+09  4.171e+08 -3.083e+08
 4.783e+10  4.719e+10  1.685e+11  1.402e+08  1.172e+08  4.141e+08
-9.559e+07  1.702e+09  1.402e+08  6.071e+10 -3.215e+08 -2.895e+08
-2.726e+08  4.171e+08  1.172e+08 -3.215e+08  6.011e+10  1.599e+08
-6.609e+08 -3.083e+08  4.141e+08 -2.895e+08  1.599e+08  6.073e+10
