 1.797e+11  4.859e+10  4.988e+10  1.143e+08  2.203e+08 -2.327e+09
 4.859e+10  1.726e+11  4.912e+10  7.116e+08  3.057e+07  1.154e+08
 4.988e+10  4.912e+10  1.713e+11 -8.592e+08 -3.215e+08 -2.413e+08
 1.143e+08  7.116e+08 -8.592e+08  6.198e+10 -3.663e+06  2.331e+08
 2.203e+08  3.057e+07 -3.215e+08 -3.663e+06  6.235e+10 -8.097e+08
-2.327e+09  1.154e+08 -2.413e+08  2.331e+08 -8.097e+08  6.338e+10
