 1.940e+11 -7.275e+10 -7.431e+10  2.015e+09  6.561e+08 -1.504e+09
-7.275e+10  1.891e+11 -7.042e+10 -1.502e+09 -3.084e+09  1.204e+08
-7.431e+10 -7.042e+10  1.908e+11 -6.543e+08  2.465e+09  1.522e+09
 2.015e+09 -1.502e+09 -6.543e+08  1.372e+11 -1.154e+09  7.474e+08
 6.561e+08 -3.084e+09  2.465e+09 -1.154e+09  1.346e+11 -1.126e+09
-1.504e+09  1.204e+08  1.522e+09  7.474e+08 -1.126e+09  1.345e+11
