 4.602e+10  3.915e+08  3.910e+08 -5.818e+07 -1.376e+07  2.035e+08
 3.915e+08  4.582e+10  4.097e+08 -6.501e+06 -1.137e+08 -4.205e+07
 3.910e+08  4.097e+08  4.635e+10 -2.377e+07 -1.862e+08  6.860e+07
-5.818e+07 -6.501e+06 -2.377e+07  2.278e+10  8.757e+07 -8.146e+07
-1.376e+07 -1.137e+08 -1.862e+08  8.757e+07  2.274e+10  7.570e+07
 2.035e+08 -4.205e+07  6.860e+07 -8.146e+07  7.570e+07  2.287e+10
