 6.306e+10  3.618e+08  4.144e+08 -1.011e+08 -1.242e+07  1.310e+08
 3.618e+08  6.267e+10  3.843e+08 -8.099e+07 -2.357e+07 -1.637e+07
 4.144e+08  3.843e+08  6.288e+10  8.810e+06 -3.322e+07  7.771e+07
-1.011e+08 -8.099e+07  8.810e+06  3.123e+10  4.904e+07 -3.296e+07
-1.242e+07 -2.357e+07 -3.322e+07  4.904e+07  3.120e+10 -4.336e+07
 1.310e+08 -1.637e+07  7.771e+07 -3.296e+07 -4.336e+07  3.129e+10
