 1.195e+12 -4.632e+11 -4.669e+11 -2.334e+09  2.782e+09 -1.301e+09
-4.632e+11  1.193e+12 -4.655e+11  3.386e+09 -1.802e+09 -3.351e+08
-4.669e+11 -4.655e+11  1.197e+12 -2.748e+07 -1.751e+09  1.286e+09
-2.334e+09  3.386e+09 -2.748e+07  8.349e+11 -1.173e+09  6.066e+08
 2.782e+09 -1.802e+09 -1.751e+09 -1.173e+09  8.296e+11  1.568e+09
-1.301e+09 -3.351e+08  1.286e+09  6.066e+08  1.568e+09  8.294e+11
