 7.738e+10 -2.355e+10 -2.439e+10  1.104e+09  1.221e+09  9.078e+08
-2.355e+10  7.239e+10 -2.026e+10  9.002e+08 -1.549e+09 -5.771e+08
-2.439e+10 -2.026e+10  7.322e+10 -1.735e+09  5.474e+07 -5.445e+08
 1.104e+09  9.002e+08 -1.735e+09  4.898e+10 -1.034e+09 -1.403e+09
 1.221e+09 -1.549e+09  5.474e+07 -1.034e+09  5.067e+10  8.581e+08
 9.078e+08 -5.771e+08 -5.445e+08 -1.403e+09  8.581e+08  5.005e+10
