 2.868e+10  1.016e+09  1.052e+09 -1.778e+08 -1.563e+07  1.754e+08
 1.016e+09  2.794e+10  1.245e+09 -2.023e+08  2.079e+08 -6.118e+07
 1.052e+09  1.245e+09  2.807e+10  4.982e+07  1.351e+08  2.910e+08
-1.778e+08 -2.023e+08  4.982e+07  1.350e+10  1.038e+08  6.027e+07
-1.563e+07  2.079e+08  1.351e+08  1.038e+08  1.335e+10 -4.451e+07
 1.754e+08 -6.118e+07  2.910e+08  6.027e+07 -4.451e+07  1.352e+10
