 1.976e+11 -7.454e+10 -7.642e+10 -6.036e+08 -2.952e+08  2.873e+09
-7.454e+10  1.910e+11 -7.013e+10  1.777e+09  2.148e+09  3.766e+09
-7.642e+10 -7.013e+10  1.925e+11 -1.794e+09 -1.335e+09 -6.718e+09
-6.036e+08  1.777e+09 -1.794e+09  1.355e+11  4.467e+09 -2.640e+07
-2.952e+08  2.148e+09 -1.335e+09  4.467e+09  1.379e+11 -3.598e+09
 2.873e+09  3.766e+09 -6.718e+09 -2.640e+07 -3.598e+09  1.309e+11
