 2.826e+10  9.959e+08  1.033e+09 -2.828e+08  6.530e+07 -5.054e+07
 9.959e+08  2.813e+10  1.107e+09 -2.662e+08 -4.572e+07 -7.852e+06
 1.033e+09  1.107e+09  2.792e+10 -1.651e+07 -3.589e+07 -6.207e+06
-2.828e+08 -2.662e+08 -1.651e+07  1.341e+10  2.339e+07  2.919e+07
 6.530e+07 -4.572e+07 -3.589e+07  2.339e+07  1.347e+10 -1.439e+08
-5.054e+07 -7.852e+06 -6.207e+06  2.919e+07 -1.439e+08  1.346e+10
