 9.015e+13 -4.463e+13 -4.545e+13  1.386e+11 -1.125e+10  9.503e+10
-4.463e+13  8.940e+13 -4.470e+13 -2.539e+11 -7.413e+10  1.794e+11
-4.545e+13 -4.470e+13  9.022e+13  1.151e+11  8.518e+10 -2.749e+11
 1.386e+11 -2.539e+11  1.151e+11  6.784e+13 -2.659e+11 -9.439e+10
-1.125e+10 -7.413e+10  8.518e+10 -2.659e+11  6.758e+13 -5.526e+10
 9.503e+10  1.794e+11 -2.749e+11 -9.439e+10 -5.526e+10  6.751e+13
