 4.008e+10  1.124e+10  1.120e+10  2.612e+07  2.258e+07 -1.561e+08
 1.124e+10  4.041e+10  1.126e+10  1.130e+08  5.334e+07 -1.016e+06
 1.120e+10  1.126e+10  4.005e+10 -5.604e+06  7.971e+07 -6.264e+07
 2.612e+07  1.130e+08 -5.604e+06  1.435e+10  1.073e+06  2.103e+07
 2.258e+07  5.334e+07  7.971e+07  1.073e+06  1.437e+10 -1.005e+07
-1.561e+08 -1.016e+06 -6.264e+07  2.103e+07 -1.005e+07  1.429e+10
