 1.152e+12 -4.475e+11 -4.494e+11  6.590e+08 -6.414e+08  1.475e+09
-4.475e+11  1.146e+12 -4.445e+11  8.193e+07 -1.532e+09 -1.487e+09
-4.494e+11 -4.445e+11  1.148e+12  8.054e+08  2.074e+09 -7.399e+07
 6.590e+08  8.193e+07  8.054e+08  7.993e+11 -1.519e+09 -1.285e+09
-6.414e+08 -1.532e+09  2.074e+09 -1.519e+09  8.001e+11  4.056e+09
 1.475e+09 -1.487e+09 -7.399e+07 -1.285e+09  4.056e+09  7.978e+11
