 4.110e+10  1.151e+10  1.156e+10 -2.573e+05  1.465e+08  2.381e+08
 1.151e+10  4.067e+10  1.160e+10 -1.885e+08  3.229e+08 -1.008e+07
 1.156e+10  1.160e+10  4.100e+10 -2.408e+07  4.419e+08  2.411e+08
-2.573e+05 -1.885e+08 -2.408e+07  1.470e+10  1.928e+06  1.632e+08
 1.465e+08  3.229e+08  4.419e+08  1.928e+06  1.476e+10 -4.035e+07
 2.381e+08 -1.008e+07  2.411e+08  1.632e+08 -4.035e+07  1.470e+10
