 4.138e+10  1.144e+10  1.161e+10 -1.466e+08  9.928e+07  3.286e+08
 1.144e+10  4.062e+10  1.139e+10 -3.122e+08  8.117e+07  2.826e+07
 1.161e+10  1.139e+10  4.099e+10 -4.262e+07  1.257e+08  2.674e+08
-1.466e+08 -3.122e+08 -4.262e+07  1.465e+10  6.324e+07  1.103e+08
 9.928e+07  8.117e+07  1.257e+08  6.324e+07  1.460e+10 -7.571e+07
 3.286e+08  2.826e+07  2.674e+08  1.103e+08 -7.571e+07  1.481e+10
