 1.601e+11  4.552e+10  4.491e+10  2.482e+08  6.057e+07 -2.271e+08
 4.552e+10  1.601e+11  4.526e+10  6.412e+08  2.626e+08 -1.230e+08
 4.491e+10  4.526e+10  1.591e+11  1.909e+08  7.838e+07 -2.188e+08
 2.482e+08  6.412e+08  1.909e+08  5.782e+10 -1.436e+08  9.078e+07
 6.057e+07  2.626e+08  7.838e+07 -1.436e+08  5.751e+10  1.790e+08
-2.271e+08 -1.230e+08 -2.188e+08  9.078e+07  1.790e+08  5.722e+10
