 2.708e+10  1.106e+09  1.041e+09 -1.688e+08  1.596e+07  7.433e+07
 1.106e+09  2.727e+10  1.123e+09 -2.161e+07 -4.012e+07 -4.720e+07
 1.041e+09  1.123e+09  2.713e+10 -2.889e+07 -6.196e+07  2.178e+07
-1.688e+08 -2.161e+07 -2.889e+07  1.296e+10  7.079e+07 -1.644e+07
 1.596e+07 -4.012e+07 -6.196e+07  7.079e+07  1.284e+10 -6.714e+07
 7.433e+07 -4.720e+07  2.178e+07 -1.644e+07 -6.714e+07  1.280e+10
