 2.650e+11  6.696e+08  7.656e+08 -1.508e+08 -1.130e+07 -7.257e+08
 6.696e+08  2.668e+11  7.928e+08 -2.640e+08 -8.764e+08 -4.946e+06
 7.656e+08  7.928e+08  2.656e+11 -7.877e+07 -8.206e+08 -7.992e+08
-1.508e+08 -2.640e+08 -7.877e+07  1.326e+11 -3.278e+08 -3.944e+08
-1.130e+07 -8.764e+08 -8.206e+08 -3.278e+08  1.329e+11 -9.567e+07
-7.257e+08 -4.946e+06 -7.992e+08 -3.944e+08 -9.567e+07  1.324e+11
