 4.036e+10  1.139e+10  1.134e+10  4.775e+07  5.439e+07 -1.312e+08
 1.139e+10  4.023e+10  1.124e+10  1.146e+08  8.348e+07 -2.757e+07
 1.134e+10  1.124e+10  4.010e+10  2.573e+07  2.408e+08 -4.308e+06
 4.775e+07  1.146e+08  2.573e+07  1.453e+10 -4.133e+07  6.943e+07
 5.439e+07  8.348e+07  2.408e+08 -4.133e+07  1.435e+10  2.094e+07
-1.312e+08 -2.757e+07 -4.308e+06  6.943e+07  2.094e+07  1.447e+10
