 4.410e+10  4.300e+08  6.271e+08  6.703e+07 -2.892e+07  2.969e+08
 4.300e+08  4.495e+10  4.362e+08  5.901e+07 -2.428e+07 -2.675e+07
 6.271e+08  4.362e+08  4.470e+10 -1.617e+07  6.337e+06  1.808e+08
 6.703e+07  5.901e+07 -1.617e+07  2.189e+10  1.144e+08  3.443e+07
-2.892e+07 -2.428e+07  6.337e+06  1.144e+08  2.216e+10  6.325e+07
 2.969e+08 -2.675e+07  1.808e+08  3.443e+07  6.325e+07  2.195e+10
