 6.326e+10  4.386e+08  3.736e+08 -2.912e+08  5.875e+06 -2.657e+08
 4.386e+08  6.387e+10  4.110e+08 -3.531e+08  1.100e+08  2.288e+06
 3.736e+08  4.110e+08  6.397e+10  2.447e+07  1.925e+08 -2.987e+08
-2.912e+08 -3.531e+08  2.447e+07  3.160e+10 -1.260e+08  9.519e+07
 5.875e+06  1.100e+08  1.925e+08 -1.260e+08  3.179e+10 -1.166e+08
-2.657e+08  2.288e+06 -2.987e+08  9.519e+07 -1.166e+08  3.162e+10
