 2.796e+10  7.974e+09  8.065e+09  2.176e+08 -3.174e+07  7.804e+07
 7.974e+09  2.799e+10  8.103e+09 -8.540e+07 -2.943e+08 -1.810e+07
 8.065e+09  8.103e+09  2.769e+10  3.200e+07 -1.905e+07 -1.526e+08
 2.176e+08 -8.540e+07  3.200e+07  9.667e+09 -3.719e+06 -5.931e+07
-3.174e+07 -2.943e+08 -1.905e+07 -3.719e+06  9.835e+09  5.874e+07
 7.804e+07 -1.810e+07 -1.526e+08 -5.931e+07  5.874e+07  9.748e+09
