 6.358e+10  4.050e+08  3.874e+08 -1.986e+08  1.288e+07 -4.829e+07
 4.050e+08  6.325e+10  4.345e+08 -2.024e+08  1.131e+07 -3.197e+07
 3.874e+08  4.345e+08  6.407e+10  9.376e+06 -1.087e+06 -9.301e+06
-1.986e+08 -2.024e+08  9.376e+06  3.157e+10 -7.941e+06  4.726e+07
 1.288e+07  1.131e+07 -1.087e+06 -7.941e+06  3.165e+10 -8.285e+07
-4.829e+07 -3.197e+07 -9.301e+06  4.726e+07 -8.285e+07  3.170e+10
