 1.620e+10  5.495e+09  5.550e+09  3.712e+08  1.582e+08 -2.910e+07
 5.495e+09  1.771e+10  5.747e+09  1.108e+06  9.031e+08  1.347e+08
 5.550e+09  5.747e+09  1.722e+10 -1.220e+08  7.459e+08  8.964e+08
 3.712e+08  1.108e+06 -1.220e+08  5.291e+09  8.797e+07  3.717e+08
 1.582e+08  9.031e+08  7.459e+08  8.797e+07  5.604e+09 -2.004e+08
-2.910e+07  1.347e+08  8.964e+08  3.717e+08 -2.004e+08  5.574e+09
