 4.563e+10  5.075e+08  4.245e+08 -1.937e+08  3.322e+06 -1.801e+08
 5.075e+08  4.555e+10  3.900e+08 -1.866e+08 -2.747e+08  1.848e+07
 4.245e+08  3.900e+08  4.670e+10  3.771e+07 -3.027e+08 -1.979e+08
-1.937e+08 -1.866e+08  3.771e+07  2.262e+10 -1.263e+08 -1.536e+08
 3.322e+06 -2.747e+08 -3.027e+08 -1.263e+08  2.280e+10 -1.006e+08
-1.801e+08  1.848e+07 -1.979e+08 -1.536e+08 -1.006e+08  2.291e+10
