 8.693e+10 -2.780e+10 -2.820e+10  4.957e+09  1.522e+09  4.336e+09
-2.780e+10  8.425e+10 -2.545e+10 -3.943e+09 -1.477e+09 -2.173e+09
-2.820e+10 -2.545e+10  8.402e+10 -1.257e+09 -4.691e+08 -1.364e+09
 4.957e+09 -3.943e+09 -1.257e+09  6.035e+10  2.044e+09  9.497e+08
 1.522e+09 -1.477e+09 -4.691e+08  2.044e+09  6.289e+10 -1.406e+09
 4.336e+09 -2.173e+09 -1.364e+09  9.497e+08 -1.406e+09  5.650e+10
