 2.968e+10  8.609e+09  7.887e+09  4.538e+08 -1.314e+08  1.488e+08
 8.609e+09  2.787e+10  8.021e+09 -1.057e+08 -1.068e+08 -7.698e+07
 7.887e+09  8.021e+09  2.953e+10 -3.149e+08 -1.208e+08  4.228e+05
 4.538e+08 -1.057e+08 -3.149e+08  1.022e+10 -5.466e+07 -1.669e+08
-1.314e+08 -1.068e+08 -1.208e+08 -5.466e+07  9.698e+09 -3.727e+08
 1.488e+08 -7.698e+07  4.228e+05 -1.669e+08 -3.727e+08  9.735e+09
