 1.257e+12 -4.895e+11 -4.895e+11 -1.336e+09  3.869e+09 -1.085e+09
-4.895e+11  1.259e+12 -4.919e+11  1.016e+09 -6.435e+09 -1.954e+09
-4.895e+11 -4.919e+11  1.260e+12 -1.733e+09  1.869e+09  4.454e+09
-1.336e+09  1.016e+09 -1.733e+09  8.722e+11  1.982e+09  1.919e+09
 3.869e+09 -6.435e+09  1.869e+09  1.982e+09  8.715e+11 -6.681e+09
-1.085e+09 -1.954e+09  4.454e+09  1.919e+09 -6.681e+09  8.763e+11
