 4.353e+10  4.957e+08  4.852e+08 -9.198e+07  4.202e+06 -1.032e+07
 4.957e+08  4.349e+10  4.991e+08 -8.094e+07 -9.709e+07  1.365e+07
 4.852e+08  4.991e+08  4.359e+10  5.431e+06 -5.318e+07 -2.784e+07
-9.198e+07 -8.094e+07  5.431e+06  2.152e+10 -8.311e+06 -4.209e+07
 4.202e+06 -9.709e+07 -5.318e+07 -8.311e+06  2.159e+10 -6.021e+07
-1.032e+07  1.365e+07 -2.784e+07 -4.209e+07 -6.021e+07  2.160e+10
