 2.741e+11  6.941e+08  6.645e+08 -2.035e+07 -1.555e+07 -7.830e+08
 6.941e+08  2.735e+11  7.697e+08  9.231e+07 -6.173e+08 -1.040e+07
 6.645e+08  7.697e+08  2.734e+11  6.111e+07 -6.288e+08 -7.423e+08
-2.035e+07  9.231e+07  6.111e+07  1.365e+11 -3.887e+08 -3.369e+08
-1.555e+07 -6.173e+08 -6.288e+08 -3.887e+08  1.365e+11  1.836e+07
-7.830e+08 -1.040e+07 -7.423e+08 -3.369e+08  1.836e+07  1.365e+11
