 1.965e+11 -7.372e+10 -7.578e+10 -2.694e+08  5.092e+08  1.931e+08
-7.372e+10  1.953e+11 -7.512e+10 -2.307e+08  4.736e+08 -7.777e+08
-7.578e+10 -7.512e+10  1.974e+11  5.432e+08 -9.850e+08  5.733e+08
-2.694e+08 -2.307e+08  5.432e+08  1.363e+11 -9.064e+08  2.210e+08
 5.092e+08  4.736e+08 -9.850e+08 -9.064e+08  1.335e+11  4.081e+08
 1.931e+08 -7.777e+08  5.733e+08  2.210e+08  4.081e+08  1.352e+11
