 1.947e+11 -7.416e+10 -7.443e+10 -8.065e+08  3.252e+08  2.204e+08
-7.416e+10  1.937e+11 -7.364e+10  1.436e+09  6.818e+08 -1.231e+09
-7.443e+10 -7.364e+10  1.940e+11 -3.433e+08 -9.368e+08  9.607e+08
-8.065e+08  1.436e+09 -3.433e+08  1.322e+11 -9.198e+08  4.635e+08
 3.252e+08  6.818e+08 -9.368e+08 -9.198e+08  1.329e+11 -2.495e+08
 2.204e+08 -1.231e+09  9.607e+08  4.635e+08 -2.495e+08  1.340e+11
