 1.621e+11  4.554e+10  4.577e+10  1.683e+08  3.061e+08  5.164e+08
 4.554e+10  1.611e+11  4.599e+10 -3.602e+07  1.137e+08  1.085e+08
 4.577e+10  4.599e+10  1.628e+11  2.155e+07  7.560e+08  2.209e+08
 1.683e+08 -3.602e+07  2.155e+07  5.792e+10  1.777e+08  3.317e+08
 3.061e+08  1.137e+08  7.560e+08  1.777e+08  5.834e+10  5.229e+07
 5.164e+08  1.085e+08  2.209e+08  3.317e+08  5.229e+07  5.815e+10
