 2.758e+10  8.283e+09  8.304e+09  1.035e+06 -9.412e+06  2.758e+08
 8.283e+09  2.728e+10  8.260e+09  1.549e+08 -1.538e+08 -1.010e+08
 8.304e+09  8.260e+09  2.792e+10 -1.672e+07 -5.041e+07  1.848e+08
 1.035e+06  1.549e+08 -1.672e+07  9.953e+09 -9.111e+07  1.626e+07
-9.412e+06 -1.538e+08 -5.041e+07 -9.111e+07  9.950e+09  2.838e+06
 2.758e+08 -1.010e+08  1.848e+08  1.626e+07  2.838e+06  9.990e+09
