 2.629e+10  1.090e+09  1.213e+09  2.871e+08 -1.134e+08  1.885e+06
 1.090e+09  2.706e+10  1.097e+09  4.225e+07  1.578e+08  3.402e+07
 1.213e+09  1.097e+09  2.556e+10 -1.140e+08  1.572e+08 -1.187e+08
 2.871e+08  4.225e+07 -1.140e+08  1.272e+10 -8.233e+07 -3.499e+06
-1.134e+08  1.578e+08  1.572e+08 -8.233e+07  1.246e+10  4.904e+07
 1.885e+06  3.402e+07 -1.187e+08 -3.499e+06  4.904e+07  1.221e+10
