 1.253e+12 -4.902e+11 -4.866e+11 -9.637e+08  3.611e+09  1.311e+09
-4.902e+11  1.252e+12 -4.854e+11  4.302e+09 -6.299e+08  3.937e+09
-4.866e+11 -4.854e+11  1.248e+12 -3.187e+09 -4.180e+09 -6.728e+09
-9.637e+08  4.302e+09 -3.187e+09  8.637e+11  6.764e+07  3.803e+08
 3.611e+09 -6.299e+08 -4.180e+09  6.764e+07  8.676e+11 -3.634e+09
 1.311e+09  3.937e+09 -6.728e+09  3.803e+08 -3.634e+09  8.670e+11
