 1.965e+11 -7.710e+10 -7.241e+10 -9.953e+08  6.365e+08  4.246e+08
-7.710e+10  1.969e+11 -7.331e+10  9.062e+08 -5.423e+08  8.466e+07
-7.241e+10 -7.331e+10  1.920e+11  4.448e+08 -2.875e+08 -3.412e+08
-9.953e+08  9.062e+08  4.448e+08  1.367e+11  1.038e+08 -5.558e+07
 6.365e+08 -5.423e+08 -2.875e+08  1.038e+08  1.352e+11  2.780e+09
 4.246e+08  8.466e+07 -3.412e+08 -5.558e+07  2.780e+09  1.387e+11
