 2.869e+10  8.407e+09  8.383e+09  1.236e+08 -5.935e+07  7.805e+07
 8.407e+09  2.853e+10  8.505e+09  4.448e+07  2.861e+08  3.228e+07
 8.383e+09  8.505e+09  2.896e+10  1.148e+08 -2.282e+08 -3.766e+06
 1.236e+08  4.448e+07  1.148e+08  1.011e+10  6.602e+07 -6.452e+07
-5.935e+07  2.861e+08 -2.282e+08  6.602e+07  1.027e+10  1.182e+08
 7.805e+07  3.228e+07 -3.766e+06 -6.452e+07  1.182e+08  1.022e+10
