 1.694e+11  4.783e+10  4.744e+10  2.458e+08 -1.429e+08 -1.491e+09
 4.783e+10  1.704e+11  4.831e+10 -3.310e+08 -2.280e+08 -4.343e+07
 4.744e+10  4.831e+10  1.698e+11 -4.284e+08 -1.375e+09  7.144e+06
 2.458e+08 -3.310e+08 -4.284e+08  6.083e+10 -1.224e+08 -1.342e+08
-1.429e+08 -2.280e+08 -1.375e+09 -1.224e+08  6.124e+10 -4.250e+08
-1.491e+09 -4.343e+07  7.144e+06 -1.342e+08 -4.250e+08  6.039e+10
