 1.255e+12 -4.826e+11 -4.962e+11  2.918e+09 -5.685e+09  1.616e+10
-4.826e+11  1.244e+12 -4.848e+11 -7.231e+09  2.806e+07 -5.906e+09
-4.962e+11 -4.848e+11  1.261e+12  5.224e+09  8.149e+09 -9.739e+09
 2.918e+09 -7.231e+09  5.224e+09  8.705e+11 -5.057e+09  5.070e+08
-5.685e+09  2.806e+07  8.149e+09 -5.057e+09  8.785e+11  7.819e+09
 1.616e+10 -5.906e+09 -9.739e+09  5.070e+08  7.819e+09  8.687e+11
