 2.869e+10  8.007e+09  8.272e+09 -1.293e+08 -7.799e+07  1.219e+08
 8.007e+09  2.821e+10  8.041e+09  1.101e+08  2.027e+08  5.392e+07
 8.272e+09  8.041e+09  2.805e+10  9.564e+07 -1.948e+08 -5.466e+07
-1.293e+08  1.101e+08  9.564e+07  9.756e+09  2.101e+07 -8.245e+07
-7.799e+07  2.027e+08 -1.948e+08  2.101e+07  9.633e+09  7.668e+07
 1.219e+08  5.392e+07 -5.466e+07 -8.245e+07  7.668e+07  9.935e+09
