 4.657e+10 -8.749e+09 -8.088e+09  9.747e+08 -7.979e+08 -3.083e+08
-8.749e+09  4.846e+10 -9.402e+09 -2.810e+08  6.926e+08  3.455e+08
-8.088e+09 -9.402e+09  4.660e+10 -4.013e+08  1.933e+08 -1.977e+08
 9.747e+08 -2.810e+08 -4.013e+08  2.752e+10 -4.310e+07 -4.464e+08
-7.979e+08  6.926e+08  1.933e+08 -4.310e+07  2.652e+10  9.861e+07
-3.083e+08  3.455e+08 -1.977e+08 -4.464e+08  9.861e+07  2.621e+10
