 6.441e+10  4.238e+08  4.257e+08 -1.008e+08  1.251e+07  1.909e+08
 4.238e+08  6.418e+10  3.883e+08 -1.515e+08  4.490e+08 -1.943e+07
 4.257e+08  3.883e+08  6.446e+10  3.301e+07  4.497e+08  2.109e+08
-1.008e+08 -1.515e+08  3.301e+07  3.200e+10  1.253e+08  1.823e+08
 1.251e+07  4.490e+08  4.497e+08  1.253e+08  3.191e+10 -7.157e+07
 1.909e+08 -1.943e+07  2.109e+08  1.823e+08 -7.157e+07  3.198e+10
