 1.979e+11 -7.585e+10 -7.547e+10 -1.697e+08  8.554e+08  1.803e+09
-7.585e+10  1.979e+11 -7.527e+10  5.581e+08 -5.920e+08 -2.940e+08
-7.547e+10 -7.527e+10  1.975e+11 -3.849e+08 -3.184e+08 -1.149e+09
-1.697e+08  5.581e+08 -3.849e+08  1.327e+11  1.001e+09  5.329e+08
 8.554e+08 -5.920e+08 -3.184e+08  1.001e+09  1.352e+11 -5.819e+08
 1.803e+09 -2.940e+08 -1.149e+09  5.329e+08 -5.819e+08  1.334e+11
