 4.646e+10  5.339e+08  3.750e+08  1.065e+08  6.296e+07 -8.753e+07
 5.339e+08  4.463e+10  3.994e+08  1.112e+08 -1.441e+08  2.023e+07
 3.750e+08  3.994e+08  4.577e+10 -1.902e+07 -1.969e+07 -3.904e+05
 1.065e+08  1.112e+08 -1.902e+07  2.265e+10  8.533e+07 -3.962e+07
 6.296e+07 -1.441e+08 -1.969e+07  8.533e+07  2.231e+10  7.133e+07
-8.753e+07  2.023e+07 -3.904e+05 -3.962e+07  7.133e+07  2.286e+10
