 2.890e+10  8.435e+09  8.461e+09  2.814e+08  1.444e+08 -8.306e+07
 8.435e+09  2.809e+10  8.544e+09  1.647e+07  2.236e+08 -3.948e+07
 8.461e+09  8.544e+09  2.859e+10 -1.282e+08 -1.575e+08  1.848e+08
 2.814e+08  1.647e+07 -1.282e+08  1.029e+10 -8.063e+07  1.309e+08
 1.444e+08  2.236e+08 -1.575e+08 -8.063e+07  1.013e+10 -1.191e+08
-8.306e+07 -3.948e+07  1.848e+08  1.309e+08 -1.191e+08  1.020e+10
