 2.762e+11  7.728e+08  4.074e+08 -6.182e+08 -4.637e+07 -1.191e+08
 7.728e+08  2.784e+11  8.683e+08 -6.667e+08 -1.592e+09  5.377e+07
 4.074e+08  8.683e+08  2.802e+11 -3.270e+07 -1.656e+09 -2.803e+08
-6.182e+08 -6.667e+08 -3.270e+07  1.384e+11 -1.135e+08 -8.502e+08
-4.637e+07 -1.592e+09 -1.656e+09 -1.135e+08  1.394e+11 -3.632e+08
-1.191e+08  5.377e+07 -2.803e+08 -8.502e+08 -3.632e+08  1.385e+11
