 1.296e+11 -3.186e+10 -3.250e+10  1.199e+07 -6.432e+07 -1.877e+08
-3.186e+10  1.284e+11 -3.195e+10 -2.991e+08 -9.228e+07  1.112e+08
-3.250e+10 -3.195e+10  1.296e+11  6.349e+07 -4.800e+07 -3.985e+08
 1.199e+07 -2.991e+08  6.349e+07  8.088e+10 -3.202e+08 -1.516e+08
-6.432e+07 -9.228e+07 -4.800e+07 -3.202e+08  8.068e+10 -9.500e+07
-1.877e+08  1.112e+08 -3.985e+08 -1.516e+08 -9.500e+07  8.078e+10
