 1.610e+11  4.520e+10  4.506e+10  1.787e+08 -9.040e+07 -1.644e+08
 4.520e+10  1.592e+11  4.515e+10  3.931e+08 -2.003e+08 -8.416e+07
 4.506e+10  4.515e+10  1.599e+11  4.781e+07  1.542e+08 -2.228e+08
 1.787e+08  3.931e+08  4.781e+07  5.741e+10 -7.947e+07 -6.285e+07
-9.040e+07 -2.003e+08  1.542e+08 -7.947e+07  5.735e+10  2.326e+07
-1.644e+08 -8.416e+07 -2.228e+08 -6.285e+07  2.326e+07  5.726e+10
