 2.842e+10  1.205e+09  1.112e+09  2.997e+08  1.368e+07  1.250e+08
 1.205e+09  2.780e+10  1.134e+09  5.694e+07 -1.560e+08  6.045e+07
 1.112e+09  1.134e+09  2.762e+10  1.128e+08 -4.985e+07  1.325e+08
 2.997e+08  5.694e+07  1.128e+08  1.329e+10  1.032e+08 -7.324e+07
 1.368e+07 -1.560e+08 -4.985e+07  1.032e+08  1.334e+10  2.308e+08
 1.250e+08  6.045e+07  1.325e+08 -7.324e+07  2.308e+08  1.349e+10
