 2.778e+11  6.311e+08  6.491e+08 -9.342e+08 -1.645e+07 -5.958e+08
 6.311e+08  2.779e+11  6.937e+08 -8.861e+08 -7.675e+08  5.550e+07
 6.491e+08  6.937e+08  2.757e+11  8.743e+07 -7.427e+08 -6.294e+08
-9.342e+08 -8.861e+08  8.743e+07  1.386e+11 -2.801e+08 -4.077e+08
-1.645e+07 -7.675e+08 -7.427e+08 -2.801e+08  1.380e+11 -3.886e+08
-5.958e+08  5.550e+07 -6.294e+08 -4.077e+08 -3.886e+08  1.379e+11
