 1.570e+10  5.603e+09  5.523e+09  1.531e+07 -3.552e+07 -4.156e+08
 5.603e+09  1.569e+10  5.511e+09 -1.322e+08 -1.705e+07 -5.552e+07
 5.523e+09  5.511e+09  1.665e+10  1.649e+08 -7.311e+07 -6.206e+07
 1.531e+07 -1.322e+08  1.649e+08  5.291e+09 -1.457e+08 -1.090e+08
-3.552e+07 -1.705e+07 -7.311e+07 -1.457e+08  5.334e+09  7.114e+07
-4.156e+08 -5.552e+07 -6.206e+07 -1.090e+08  7.114e+07  5.335e+09
