 2.781e+11  6.676e+08  6.975e+08 -2.388e+08 -1.044e+08 -6.374e+08
 6.676e+08  2.783e+11  5.941e+08 -6.315e+08  5.479e+08 -1.919e+06
 6.975e+08  5.941e+08  2.830e+11  7.918e+06  4.559e+08 -6.088e+08
-2.388e+08 -6.315e+08  7.918e+06  1.386e+11 -1.334e+08  3.047e+08
-1.044e+08  5.479e+08  4.559e+08 -1.334e+08  1.399e+11 -2.828e+08
-6.374e+08 -1.919e+06 -6.088e+08  3.047e+08 -2.828e+08  1.398e+11
