 2.984e+11 -1.152e+11 -1.155e+11 -3.168e+07 -2.430e+08  5.304e+08
-1.152e+11  2.992e+11 -1.161e+11  6.774e+08  5.559e+08 -1.334e+08
-1.155e+11 -1.161e+11  2.990e+11 -3.574e+08 -3.334e+08 -6.521e+08
-3.168e+07  6.774e+08 -3.574e+08  2.072e+11 -1.005e+09 -2.399e+08
-2.430e+08  5.559e+08 -3.334e+08 -1.005e+09  2.064e+11  3.853e+08
 5.304e+08 -1.334e+08 -6.521e+08 -2.399e+08  3.853e+08  2.067e+11
