 2.645e+11  6.191e+08  7.230e+08  6.431e+07 -7.997e+06  6.228e+07
 6.191e+08  2.642e+11  6.305e+08  7.582e+07  2.167e+08 -7.258e+07
 7.230e+08  6.305e+08  2.644e+11  2.608e+07  3.010e+08  5.054e+07
 6.431e+07  7.582e+07  2.608e+07  1.317e+11 -1.142e+07  1.087e+08
-7.997e+06  2.167e+08  3.010e+08 -1.142e+07  1.317e+11  2.310e+07
 6.228e+07 -7.258e+07  5.054e+07  1.087e+08  2.310e+07  1.318e+11
