 2.870e+11 -1.126e+11 -1.093e+11  3.284e+08 -1.928e+09  5.519e+08
-1.126e+11  2.908e+11 -1.118e+11 -1.088e+09  2.606e+09 -9.585e+08
-1.093e+11 -1.118e+11  2.863e+11  9.052e+08  4.051e+08  9.028e+08
 3.284e+08 -1.088e+09  9.052e+08  2.011e+11  5.975e+08  1.129e+09
-1.928e+09  2.606e+09  4.051e+08  5.975e+08  2.033e+11  3.351e+08
 5.519e+08 -9.585e+08  9.028e+08  1.129e+09  3.351e+08  2.024e+11
