 4.603e+10  5.156e+08  3.394e+08 -5.571e+07  8.109e+06  1.915e+08
 5.156e+08  4.636e+10  4.419e+08  1.324e+08 -1.234e+08  6.081e+07
 3.394e+08  4.419e+08  4.678e+10  4.617e+07 -7.876e+07 -2.576e+07
-5.571e+07  1.324e+08  4.617e+07  2.296e+10 -1.821e+07 -9.614e+07
 8.109e+06 -1.234e+08 -7.876e+07 -1.821e+07  2.299e+10 -4.360e+07
 1.915e+08  6.081e+07 -2.576e+07 -9.614e+07 -4.360e+07  2.291e+10
