 2.945e+11 -1.126e+11 -1.149e+11  1.137e+09 -3.263e+08 -2.026e+09
-1.126e+11  2.948e+11 -1.147e+11 -4.569e+06  6.126e+08  1.735e+09
-1.149e+11 -1.147e+11  2.970e+11 -1.181e+09 -1.060e+09 -5.768e+08
 1.137e+09 -4.569e+06 -1.181e+09  2.083e+11 -7.485e+08 -1.820e+09
-3.263e+08  6.126e+08 -1.060e+09 -7.485e+08  2.061e+11 -5.794e+08
-2.026e+09  1.735e+09 -5.768e+08 -1.820e+09 -5.794e+08  2.059e+11
