 1.736e+11  4.847e+10  4.876e+10  2.641e+08  2.127e+08  1.330e+09
 4.847e+10  1.725e+11  4.738e+10  1.994e+09 -1.003e+09  3.585e+08
 4.876e+10  4.738e+10  1.716e+11  6.698e+08 -6.596e+08  2.946e+08
 2.641e+08  1.994e+09  6.698e+08  6.167e+10  2.397e+08  1.024e+08
 2.127e+08 -1.003e+09 -6.596e+08  2.397e+08  6.046e+10  6.852e+08
 1.330e+09  3.585e+08  2.946e+08  1.024e+08  6.852e+08  6.183e+10
