 4.191e+10  1.202e+10  1.207e+10 -1.429e+08 -6.567e+07 -2.852e+08
 1.202e+10  4.197e+10  1.202e+10  2.518e+07  1.428e+08  2.001e+08
 1.207e+10  1.202e+10  4.207e+10  9.277e+07  6.178e+07 -1.835e+08
-1.429e+08  2.518e+07  9.277e+07  1.510e+10  1.662e+08 -2.158e+07
-6.567e+07  1.428e+08  6.178e+07  1.662e+08  1.516e+10  1.359e+08
-2.852e+08  2.001e+08 -1.835e+08 -2.158e+07  1.359e+08  1.526e+10
