 2.437e+10  1.201e+09  1.342e+09 -1.679e+08 -2.922e+07 -9.510e+07
 1.201e+09  2.380e+10  1.308e+09 -3.940e+07  1.169e+08  8.461e+07
 1.342e+09  1.308e+09  2.406e+10  4.811e+07  9.966e+07 -3.621e+07
-1.679e+08 -3.940e+07  4.811e+07  1.117e+10  4.560e+07  3.992e+07
-2.922e+07  1.169e+08  9.966e+07  4.560e+07  1.126e+10 -2.370e+07
-9.510e+07  8.461e+07 -3.621e+07  3.992e+07 -2.370e+07  1.147e+10
