 4.200e+10  1.189e+10  1.179e+10  1.498e+08  1.034e+07 -1.471e+08
 1.189e+10  4.225e+10  1.196e+10  3.902e+07 -7.026e+07  3.388e+07
 1.179e+10  1.196e+10  4.187e+10  4.512e+07  4.604e+06 -9.008e+07
 1.498e+08  3.902e+07  4.512e+07  1.514e+10  1.895e+07  2.276e+07
 1.034e+07 -7.026e+07  4.604e+06  1.895e+07  1.521e+10  6.418e+07
-1.471e+08  3.388e+07 -9.008e+07  2.276e+07  6.418e+07  1.507e+10
