 2.744e+10  8.201e+09  8.009e+09 -1.113e+08 -1.674e+07 -7.914e+07
 8.201e+09  2.731e+10  8.137e+09  5.782e+07  5.094e+07 -2.209e+07
 8.009e+09  8.137e+09  2.730e+10  1.208e+06  2.945e+07  3.393e+06
-1.113e+08  5.782e+07  1.208e+06  9.811e+09 -7.001e+06  5.761e+07
-1.674e+07  5.094e+07  2.945e+07 -7.001e+06  9.748e+09 -8.211e+06
-7.914e+07 -2.209e+07  3.393e+06  5.761e+07 -8.211e+06  9.657e+09
