 1.360e+10  4.944e+09  4.762e+09 -1.590e+07 -3.859e+07 -4.823e+07
 4.944e+09  1.350e+10  4.920e+09  2.243e+08 -1.280e+08  1.325e+07
 4.762e+09  4.920e+09  1.340e+10  1.225e+07 -4.626e+07 -1.985e+08
-1.590e+07  2.243e+08  1.225e+07  4.469e+09 -1.895e+06  8.282e+07
-3.859e+07 -1.280e+08 -4.626e+07 -1.895e+06  4.418e+09  3.491e+07
-4.823e+07  1.325e+07 -1.985e+08  8.282e+07  3.491e+07  4.307e+09
