 2.854e+11 -1.109e+11 -1.099e+11 -1.123e+09 -1.586e+08 -3.497e+08
-1.109e+11  2.924e+11 -1.141e+11  1.888e+09  4.164e+08  8.123e+08
-1.099e+11 -1.141e+11  2.900e+11 -7.936e+07  1.763e+08 -1.214e+09
-1.123e+09  1.888e+09 -7.936e+07  2.027e+11 -5.013e+08  7.312e+08
-1.586e+08  4.164e+08  1.763e+08 -5.013e+08  2.032e+11  1.074e+09
-3.497e+08  8.123e+08 -1.214e+09  7.312e+08  1.074e+09  2.000e+11
