 2.779e+11  8.088e+08  9.268e+08  9.420e+07  7.506e+07 -1.405e+09
 8.088e+08  2.705e+11  7.363e+08  7.718e+07 -1.576e+08  1.016e+08
 9.268e+08  7.363e+08  2.707e+11 -6.699e+07  1.153e+08 -1.182e+09
 9.420e+07  7.718e+07 -6.699e+07  1.368e+11 -5.818e+08 -2.527e+07
 7.506e+07 -1.576e+08  1.153e+08 -5.818e+08  1.348e+11  4.802e+06
-1.405e+09  1.016e+08 -1.182e+09 -2.527e+07  4.802e+06  1.367e+11
