 2.826e+10  8.134e+09  8.407e+09  9.218e+07  8.745e+06  1.064e+08
 8.134e+09  2.813e+10  8.343e+09 -5.171e+07  1.404e+08  1.317e+08
 8.407e+09  8.343e+09  2.797e+10 -3.961e+07 -9.230e+07  1.655e+07
 9.218e+07 -5.171e+07 -3.961e+07  9.855e+09  1.622e+08 -4.153e+07
 8.745e+06  1.404e+08 -9.230e+07  1.622e+08  9.993e+09 -6.026e+07
 1.064e+08  1.317e+08  1.655e+07 -4.153e+07 -6.026e+07  1.010e+10
