 1.619e+10  5.434e+09  5.266e+09 -1.186e+07 -6.363e+07 -4.161e+08
 5.434e+09  1.534e+10  5.654e+09  4.275e+07  1.738e+08  1.297e+08
 5.266e+09  5.654e+09  1.574e+10  1.446e+07 -6.756e+08  3.655e+08
-1.186e+07  4.275e+07  1.446e+07  5.098e+09  1.456e+08 -1.495e+08
-6.363e+07  1.738e+08 -6.756e+08  1.456e+08  5.430e+09 -5.516e+07
-4.161e+08  1.297e+08  3.655e+08 -1.495e+08 -5.516e+07  4.980e+09
