 6.473e+10  4.264e+08  4.434e+08 -2.421e+08  9.864e+06  3.770e+08
 4.264e+08  6.384e+10  3.907e+08 -2.464e+08  1.322e+08 -1.873e+07
 4.434e+08  3.907e+08  6.436e+10  1.881e+07  1.405e+08  3.098e+08
-2.421e+08 -2.464e+08  1.881e+07  3.202e+10  1.627e+08  9.406e+07
 9.864e+06  1.322e+08  1.405e+08  1.627e+08  3.191e+10 -9.354e+07
 3.770e+08 -1.873e+07  3.098e+08  9.406e+07 -9.354e+07  3.210e+10
