 6.400e+10  3.765e+08  3.354e+08 -9.364e+07 -5.613e+07 -2.554e+08
 3.765e+08  6.337e+10  3.599e+08 -1.181e+08 -4.418e+07 -1.253e+07
 3.354e+08  3.599e+08  6.390e+10 -1.586e+07 -1.114e+08 -1.922e+08
-9.364e+07 -1.181e+08 -1.586e+07  3.164e+10 -1.344e+08 -8.099e+07
-5.613e+07 -4.418e+07 -1.114e+08 -1.344e+08  3.162e+10 -5.606e+07
-2.554e+08 -1.253e+07 -1.922e+08 -8.099e+07 -5.606e+07  3.177e+10
