 4.485e+10  5.032e+08  4.859e+08  6.924e+07  3.220e+07  1.589e+08
 5.032e+08  4.499e+10  5.076e+08  1.191e+07 -1.096e+07 -2.101e+07
 4.859e+08  5.076e+08  4.508e+10 -3.878e+07 -4.102e+07  1.015e+08
 6.924e+07  1.191e+07 -3.878e+07  2.221e+10  6.196e+07  7.695e+06
 3.220e+07 -1.096e+07 -4.102e+07  6.196e+07  2.233e+10 -2.600e+07
 1.589e+08 -2.101e+07  1.015e+08  7.695e+06 -2.600e+07  2.224e+10
