 2.757e+11  6.772e+08  6.628e+08 -1.023e+09  1.979e+07  7.095e+08
 6.772e+08  2.749e+11  6.700e+08 -1.064e+09 -3.635e+08 -1.826e+07
 6.628e+08  6.700e+08  2.763e+11 -4.107e+06 -3.873e+08  7.245e+08
-1.023e+09 -1.064e+09 -4.107e+06  1.373e+11  3.793e+08 -1.898e+08
 1.979e+07 -3.635e+08 -3.873e+08  3.793e+08  1.375e+11 -4.896e+08
 7.095e+08 -1.826e+07  7.245e+08 -1.898e+08 -4.896e+08  1.376e+11
