 7.036e+10 -2.151e+10 -2.060e+10  8.718e+08  3.699e+07 -1.981e+08
-2.151e+10  7.238e+10 -2.225e+10 -6.659e+08 -4.390e+08 -3.100e+07
-2.060e+10 -2.225e+10  7.112e+10 -6.269e+07  1.920e+08  4.504e+07
 8.718e+08 -6.659e+08 -6.269e+07  4.602e+10  1.410e+08  4.069e+07
 3.699e+07 -4.390e+08  1.920e+08  1.410e+08  4.683e+10  7.542e+08
-1.981e+08 -3.100e+07  4.504e+07  4.069e+07  7.542e+08  4.760e+10
