 1.171e+12 -4.562e+11 -4.557e+11  4.015e+08 -3.814e+08  2.560e+09
-4.562e+11  1.169e+12 -4.540e+11  4.454e+09  2.826e+08 -2.458e+09
-4.557e+11 -4.540e+11  1.170e+12 -3.729e+09  2.176e+08  1.518e+09
 4.015e+08  4.454e+09 -3.729e+09  8.126e+11  1.792e+09 -4.276e+08
-3.814e+08  2.826e+08  2.176e+08  1.792e+09  8.169e+11 -7.931e+08
 2.560e+09 -2.458e+09  1.518e+09 -4.276e+08 -7.931e+08  8.166e+11
