 8.838e+10 -2.729e+10 -3.029e+10 -1.705e+09 -8.875e+08  2.144e+09
-2.729e+10  8.580e+10 -2.744e+10  2.174e+09  1.961e+08 -1.166e+09
-3.029e+10 -2.744e+10  8.839e+10 -1.071e+09  9.233e+08 -7.459e+08
-1.705e+09  2.174e+09 -1.071e+09  6.549e+10  1.188e+09  1.064e+08
-8.875e+08  1.961e+08  9.233e+08  1.188e+09  6.288e+10 -3.364e+09
 2.144e+09 -1.166e+09 -7.459e+08  1.064e+08 -3.364e+09  5.967e+10
