 1.647e+10  5.647e+09  5.427e+09 -3.384e+08 -7.431e+07 -1.318e+07
 5.647e+09  1.610e+10  5.671e+09 -4.681e+08  2.531e+08  8.821e+07
 5.427e+09  5.671e+09  1.648e+10  9.657e+07 -1.534e+08  2.592e+06
-3.384e+08 -4.681e+08  9.657e+07  5.387e+09 -2.446e+07 -8.327e+07
-7.431e+07  2.531e+08 -1.534e+08 -2.446e+07  5.485e+09  4.997e+07
-1.318e+07  8.821e+07  2.592e+06 -8.327e+07  4.997e+07  5.168e+09
