 4.439e+10  4.874e+08  4.363e+08  5.984e+07 -5.429e+06 -2.916e+07
 4.874e+08  4.429e+10  4.281e+08  1.157e+08  1.867e+07 -7.131e+07
 4.363e+08  4.281e+08  4.440e+10  3.846e+07  1.837e+07  6.118e+07
 5.984e+07  1.157e+08  3.846e+07  2.189e+10 -4.864e+07 -4.191e+05
-5.429e+06  1.867e+07  1.837e+07 -4.864e+07  2.191e+10  4.483e+07
-2.916e+07 -7.131e+07  6.118e+07 -4.191e+05  4.483e+07  2.198e+10
