 1.931e+11 -7.411e+10 -7.276e+10 -7.413e+08  1.366e+09  2.768e+09
-7.411e+10  1.985e+11 -7.722e+10  4.796e+08 -2.954e+09 -3.347e+06
-7.276e+10 -7.722e+10  1.968e+11  4.130e+08  1.368e+09 -2.744e+09
-7.413e+08  4.796e+08  4.130e+08  1.377e+11 -7.621e+07 -1.302e+08
 1.366e+09 -2.954e+09  1.368e+09 -7.621e+07  1.349e+11  1.579e+09
 2.768e+09 -3.347e+06 -2.744e+09 -1.302e+08  1.579e+09  1.373e+11
