 4.360e+10  4.746e+08  5.097e+08  5.308e+07  9.389e+06 -2.176e+08
 4.746e+08  4.405e+10  3.418e+08 -5.682e+07 -5.191e+08 -1.871e+07
 5.097e+08  3.418e+08  4.469e+10  6.426e+07 -4.819e+08 -2.394e+08
 5.308e+07 -5.682e+07  6.426e+07  2.152e+10 -1.358e+08 -2.755e+08
 9.389e+06 -5.191e+08 -4.819e+08 -1.358e+08  2.179e+10  4.902e+06
-2.176e+08 -1.871e+07 -2.394e+08 -2.755e+08  4.902e+06  2.182e+10
