 2.854e+11 -1.104e+11 -1.102e+11 -1.746e+09 -5.217e+08 -1.545e+09
-1.104e+11  2.883e+11 -1.125e+11 -9.129e+08 -2.781e+08  1.293e+09
-1.102e+11 -1.125e+11  2.882e+11  2.069e+09  1.113e+09 -3.095e+08
-1.746e+09 -9.129e+08  2.069e+09  1.993e+11 -6.583e+07  4.319e+08
-5.217e+08 -2.781e+08  1.113e+09 -6.583e+07  1.996e+11  5.897e+08
-1.545e+09  1.293e+09 -3.095e+08  4.319e+08  5.897e+08  2.005e+11
