 3.018e+11 -1.187e+11 -1.136e+11 -2.580e+09  2.080e+09 -1.217e+09
-1.187e+11  3.056e+11 -1.177e+11 -4.002e+08 -8.804e+08  4.113e+07
-1.136e+11 -1.177e+11  2.984e+11  2.152e+09 -3.141e+09  1.337e+09
-2.580e+09 -4.002e+08  2.152e+09  2.113e+11 -7.646e+08 -2.281e+09
 2.080e+09 -8.804e+08 -3.141e+09 -7.646e+08  2.068e+11  5.957e+08
-1.217e+09  4.113e+07  1.337e+09 -2.281e+09  5.957e+08  2.120e+11
