 1.410e+10  4.853e+09  4.700e+09 -6.249e+07  4.089e+07 -1.362e+08
 4.853e+09  1.310e+10  4.925e+09 -8.070e+07 -4.130e+07  9.299e+07
 4.700e+09  4.925e+09  1.377e+10  5.294e+07  1.465e+08 -1.498e+08
-6.249e+07 -8.070e+07  5.294e+07  4.539e+09  1.553e+07  3.317e+07
 4.089e+07 -4.130e+07  1.465e+08  1.553e+07  4.534e+09 -8.478e+06
-1.362e+08  9.299e+07 -1.498e+08  3.317e+07 -8.478e+06  4.288e+09
