 1.602e+10  5.626e+09  5.085e+09  5.627e+08 -3.588e+08  5.536e+08
 5.626e+09  1.927e+10  5.510e+09 -5.895e+08 -1.055e+08 -1.147e+08
 5.085e+09  5.510e+09  1.574e+10 -5.001e+08 -4.328e+08  7.652e+07
 5.627e+08 -5.895e+08 -5.001e+08  5.581e+09  4.130e+07 -2.889e+08
-3.588e+08 -1.055e+08 -4.328e+08  4.130e+07  5.426e+09 -2.253e+08
 5.536e+08 -1.147e+08  7.652e+07 -2.889e+08 -2.253e+08  5.416e+09
