 1.269e+12 -4.957e+11 -4.925e+11 -2.744e+09 -6.161e+08  2.467e+08
-4.957e+11  1.269e+12 -4.939e+11  3.953e+09 -3.850e+09 -5.844e+07
-4.925e+11 -4.939e+11  1.265e+12  2.738e+08  4.357e+09  3.899e+08
-2.744e+09  3.953e+09  2.738e+08  8.787e+11  1.704e+09 -7.931e+08
-6.161e+08 -3.850e+09  4.357e+09  1.704e+09  8.734e+11  4.572e+09
 2.467e+08 -5.844e+07  3.899e+08 -7.931e+08  4.572e+09  8.783e+11
