 1.745e+11  4.924e+10  5.022e+10  1.659e+08  7.199e+08 -1.184e+09
 4.924e+10  1.757e+11  4.924e+10  1.257e+09  1.566e+09  6.478e+08
 5.022e+10  4.924e+10  1.778e+11 -4.412e+08  5.721e+08  1.277e+09
 1.659e+08  1.257e+09 -4.412e+08  6.258e+10  6.239e+08  7.093e+08
 7.199e+08  1.566e+09  5.721e+08  6.239e+08  6.277e+10 -3.943e+08
-1.184e+09  6.478e+08  1.277e+09  7.093e+08 -3.943e+08  6.365e+10
