 2.819e+11 -1.086e+11 -1.095e+11 -8.656e+08  2.320e+08 -2.565e+08
-1.086e+11  2.821e+11 -1.096e+11 -3.857e+08 -3.141e+08  9.022e+07
-1.095e+11 -1.096e+11  2.831e+11  7.438e+08  8.778e+07  9.206e+07
-8.656e+08 -3.857e+08  7.438e+08  1.961e+11 -1.081e+08  4.412e+08
 2.320e+08 -3.141e+08  8.778e+07 -1.081e+08  1.959e+11 -8.019e+08
-2.565e+08  9.022e+07  9.206e+07  4.412e+08 -8.019e+08  1.959e+11
