 2.527e+11  7.046e+08  6.670e+08  7.371e+08  9.305e+06 -6.865e+07
 7.046e+08  2.519e+11  6.457e+08  7.824e+08 -3.840e+07  6.114e+06
 6.670e+08  6.457e+08  2.520e+11  3.488e+07 -8.253e+07 -7.325e+07
 7.371e+08  7.824e+08  3.488e+07  1.258e+11 -2.137e+07 -4.846e+07
 9.305e+06 -3.840e+07 -8.253e+07 -2.137e+07  1.255e+11  3.692e+08
-6.865e+07  6.114e+06 -7.325e+07 -4.846e+07  3.692e+08  1.258e+11
