 8.611e+10 -2.814e+10 -2.776e+10 -5.000e+08  3.222e+09 -1.514e+08
-2.814e+10  8.175e+10 -2.440e+10  3.245e+09 -2.684e+09  1.596e+09
-2.776e+10 -2.440e+10  8.193e+10 -2.109e+09 -1.205e+09 -2.196e+09
-5.000e+08  3.245e+09 -2.109e+09  5.545e+10 -1.438e+09  9.380e+07
 3.222e+09 -2.684e+09 -1.205e+09 -1.438e+09  5.492e+10  1.658e+08
-1.514e+08  1.596e+09 -2.196e+09  9.380e+07  1.658e+08  5.393e+10
