 4.201e+10  1.181e+10  1.184e+10  9.758e+07 -2.463e+07  4.440e+07
 1.181e+10  4.212e+10  1.175e+10 -2.523e+07  8.202e+07  1.934e+07
 1.184e+10  1.175e+10  4.204e+10 -2.410e+07  1.096e+08  1.305e+08
 9.758e+07 -2.523e+07 -2.410e+07  1.509e+10  3.757e+07 -3.157e+07
-2.463e+07  8.202e+07  1.096e+08  3.757e+07  1.503e+10 -2.248e+07
 4.440e+07  1.934e+07  1.305e+08 -3.157e+07 -2.248e+07  1.513e+10
