 2.855e+10  8.199e+09  8.417e+09 -8.356e+07 -4.202e+07 -2.427e+07
 8.199e+09  2.825e+10  8.281e+09  1.008e+08 -7.448e+07  4.931e+07
 8.417e+09  8.281e+09  2.798e+10 -2.538e+07  1.003e+08 -1.020e+08
-8.356e+07  1.008e+08 -2.538e+07  9.912e+09  2.382e+07 -1.324e+07
-4.202e+07 -7.448e+07  1.003e+08  2.382e+07  1.001e+10  7.049e+05
-2.427e+07  4.931e+07 -1.020e+08 -1.324e+07  7.049e+05  1.010e+10
