 1.248e+12 -4.830e+11 -4.899e+11  2.542e+09 -1.830e+09 -2.043e+09
-4.830e+11  1.248e+12 -4.881e+11 -1.786e+09  3.939e+09 -2.273e+09
-4.899e+11 -4.881e+11  1.253e+12 -1.113e+09 -2.257e+09  4.529e+09
 2.542e+09 -1.786e+09 -1.113e+09  8.692e+11 -1.583e+09 -2.124e+09
-1.830e+09  3.939e+09 -2.257e+09 -1.583e+09  8.643e+11 -1.428e+09
-2.043e+09 -2.273e+09  4.529e+09 -2.124e+09 -1.428e+09  8.595e+11
