 1.740e+10  5.310e+09  5.852e+09 -4.260e+08 -1.067e+06  9.414e+08
 5.310e+09  1.610e+10  5.097e+09  3.377e+08 -3.937e+08  2.176e+08
 5.852e+09  5.097e+09  1.415e+10  3.353e+08  1.020e+08  4.970e+07
-4.260e+08  3.377e+08  3.353e+08  5.072e+09 -1.241e+08  1.949e+07
-1.067e+06 -3.937e+08  1.020e+08 -1.241e+08  4.723e+09  2.276e+08
 9.414e+08  2.176e+08  4.970e+07  1.949e+07  2.276e+08  5.105e+09
