 4.171e+10  1.173e+10  1.183e+10  2.206e+08  3.953e+07  9.434e+07
 1.173e+10  4.206e+10  1.191e+10  3.004e+08 -5.382e+07 -6.315e+07
 1.183e+10  1.191e+10  4.196e+10  1.992e+07 -9.123e+07 -5.367e+07
 2.206e+08  3.004e+08  1.992e+07  1.502e+10 -7.789e+07  6.170e+06
 3.953e+07 -5.382e+07 -9.123e+07 -7.789e+07  1.519e+10  7.418e+07
 9.434e+07 -6.315e+07 -5.367e+07  6.170e+06  7.418e+07  1.507e+10
