 2.568e+11  7.034e+08  6.902e+08  5.726e+08 -1.868e+06  8.366e+08
 7.034e+08  2.566e+11  7.003e+08  4.839e+08  4.040e+07 -7.278e+06
 6.902e+08  7.003e+08  2.577e+11  2.641e+07  7.026e+07  7.495e+08
 5.726e+08  4.839e+08  2.641e+07  1.280e+11  4.014e+08  1.058e+06
-1.868e+06  4.040e+07  7.026e+07  4.014e+08  1.282e+11  3.129e+08
 8.366e+08 -7.278e+06  7.495e+08  1.058e+06  3.129e+08  1.283e+11
