 1.463e+10  4.765e+09  4.883e+09 -8.463e+07  1.956e+08  1.137e+08
 4.765e+09  1.420e+10  5.072e+09 -1.925e+08 -6.199e+07 -6.718e+07
 4.883e+09  5.072e+09  1.426e+10 -9.745e+06  2.329e+08 -4.923e+07
-8.463e+07 -1.925e+08 -9.745e+06  4.439e+09  7.237e+07  1.456e+08
 1.956e+08 -6.199e+07  2.329e+08  7.237e+07  4.703e+09 -9.823e+07
 1.137e+08 -6.718e+07 -4.923e+07  1.456e+08 -9.823e+07  4.400e+09
