 1.903e+11 -6.953e+10 -7.548e+10  5.362e+09  1.190e+09 -1.549e+09
-6.953e+10  1.869e+11 -7.188e+10 -5.879e+09  8.724e+08  8.676e+08
-7.548e+10 -7.188e+10  1.936e+11  4.244e+08 -3.031e+09  3.759e+08
 5.362e+09 -5.879e+09  4.244e+08  1.293e+11  1.650e+08 -2.499e+09
 1.190e+09  8.724e+08 -3.031e+09  1.650e+08  1.353e+11 -1.234e+09
-1.549e+09  8.676e+08  3.759e+08 -2.499e+09 -1.234e+09  1.291e+11
