 4.171e+10  1.185e+10  1.193e+10 -1.651e+08 -1.541e+07 -8.190e+07
 1.185e+10  4.262e+10  1.181e+10 -1.516e+08  5.232e+07  1.971e+07
 1.193e+10  1.181e+10  4.239e+10  2.026e+07  1.714e+08 -1.599e+07
-1.651e+08 -1.516e+08  2.026e+07  1.511e+10  1.750e+07 -7.568e+06
-1.541e+07  5.232e+07  1.714e+08  1.750e+07  1.510e+10 -1.823e+07
-8.190e+07  1.971e+07 -1.599e+07 -7.568e+06 -1.823e+07  1.517e+10
