 2.537e+11  7.570e+08  6.925e+08  9.542e+07 -4.289e+07  4.285e+08
 7.570e+08  2.529e+11  6.629e+08  6.271e+07  6.138e+08  4.239e+06
 6.925e+08  6.629e+08  2.548e+11 -2.107e+06  5.488e+08  4.030e+08
 9.542e+07  6.271e+07 -2.107e+06  1.263e+11  2.649e+08  2.814e+08
-4.289e+07  6.138e+08  5.488e+08  2.649e+08  1.266e+11  3.483e+07
 4.285e+08  4.239e+06  4.030e+08  2.814e+08  3.483e+07  1.268e+11
