 4.491e+10  4.640e+08  4.678e+08 -1.008e+07 -2.098e+06  5.975e+07
 4.640e+08  4.471e+10  4.611e+08  1.291e+06 -4.694e+07  3.255e+07
 4.678e+08  4.611e+08  4.480e+10  7.382e+06  5.772e+07  1.425e+08
-1.008e+07  1.291e+06  7.382e+06  2.220e+10  5.536e+07 -5.062e+07
-2.098e+06 -4.694e+07  5.772e+07  5.536e+07  2.204e+10  4.509e+07
 5.975e+07  3.255e+07  1.425e+08 -5.062e+07  4.509e+07  2.213e+10
