 1.782e+11  4.972e+10  4.940e+10 -1.232e+09 -3.051e+08 -8.143e+08
 4.972e+10  1.782e+11  4.969e+10 -7.166e+08 -3.956e+08  2.887e+07
 4.940e+10  4.969e+10  1.762e+11  1.401e+08 -7.513e+08 -2.991e+08
-1.232e+09 -7.166e+08  1.401e+08  6.319e+10 -4.527e+05 -3.963e+08
-3.051e+08 -3.956e+08 -7.513e+08 -4.527e+05  6.314e+10  7.742e+07
-8.143e+08  2.887e+07 -2.991e+08 -3.963e+08  7.742e+07  6.295e+10
