 1.636e+10  5.515e+09  5.327e+09 -3.176e+08 -4.262e+06 -2.387e+08
 5.515e+09  1.662e+10  5.607e+09 -2.658e+08  2.517e+08  1.778e+08
 5.327e+09  5.607e+09  1.614e+10  1.337e+08  1.083e+08  6.166e+07
-3.176e+08 -2.658e+08  1.337e+08  5.153e+09  1.243e+08 -1.134e+08
-4.262e+06  2.517e+08  1.083e+08  1.243e+08  5.353e+09  9.551e+07
-2.387e+08  1.778e+08  6.166e+07 -1.134e+08  9.551e+07  5.070e+09
