 2.479e+10  1.353e+09  1.269e+09 -1.763e+08  2.987e+07  3.052e+07
 1.353e+09  2.470e+10  1.261e+09 -2.862e+08  1.766e+08 -1.240e+08
 1.269e+09  1.261e+09  2.478e+10  1.929e+06  1.241e+08  1.396e+08
-1.763e+08 -2.862e+08  1.929e+06  1.178e+10 -2.204e+06  5.207e+07
 2.987e+07  1.766e+08  1.241e+08 -2.204e+06  1.173e+10 -8.935e+07
 3.052e+07 -1.240e+08  1.396e+08  5.207e+07 -8.935e+07  1.171e+10
