 6.368e+10  4.391e+08  3.435e+08  6.245e+07 -2.636e+06  2.681e+08
 4.391e+08  6.497e+10  2.839e+08  1.186e+07  4.810e+08 -6.687e+07
 3.435e+08  2.839e+08  6.394e+10  5.212e+07  5.442e+08  3.198e+08
 6.245e+07  1.186e+07  5.212e+07  3.198e+10  1.114e+08  2.740e+08
-2.636e+06  4.810e+08  5.442e+08  1.114e+08  3.197e+10  7.953e+06
 2.681e+08 -6.687e+07  3.198e+08  2.740e+08  7.953e+06  3.167e+10
