 2.373e+10  1.435e+09  1.383e+09  1.593e+08  1.418e+07 -8.884e+07
 1.435e+09  2.373e+10  1.505e+09  1.954e+08 -1.120e+08  2.754e+07
 1.383e+09  1.505e+09  2.350e+10 -9.638e+07 -4.299e+07 -1.109e+08
 1.593e+08  1.954e+08 -9.638e+07  1.115e+10  1.224e+07 -5.711e+07
 1.418e+07 -1.120e+08 -4.299e+07  1.224e+07  1.120e+10  9.987e+07
-8.884e+07  2.754e+07 -1.109e+08 -5.711e+07  9.987e+07  1.111e+10
