 1.186e+12 -4.626e+11 -4.610e+11 -8.133e+08  2.524e+09 -1.496e+09
-4.626e+11  1.180e+12 -4.573e+11  2.599e+09 -3.918e+09  1.945e+09
-4.610e+11 -4.573e+11  1.178e+12 -1.078e+09 -1.888e+08 -6.441e+08
-8.133e+08  2.599e+09 -1.078e+09  8.166e+11  5.957e+08 -1.601e+09
 2.524e+09 -3.918e+09 -1.888e+08  5.957e+08  8.153e+11  3.306e+08
-1.496e+09  1.945e+09 -6.441e+08 -1.601e+09  3.306e+08  8.173e+11
