 2.767e+10  1.101e+09  1.027e+09 -1.957e+08 -9.662e+07 -1.900e+08
 1.101e+09  2.812e+10  1.145e+09 -1.012e+08  1.639e+08  1.403e+08
 1.027e+09  1.145e+09  2.767e+10 -1.233e+08 -3.801e+07 -1.056e+08
-1.957e+08 -1.012e+08 -1.233e+08  1.329e+10 -7.923e+07 -4.168e+07
-9.662e+07  1.639e+08 -3.801e+07 -7.923e+07  1.341e+10 -2.220e+08
-1.900e+08  1.403e+08 -1.056e+08 -4.168e+07 -2.220e+08  1.332e+10
