 4.169e+10  1.187e+10  1.191e+10 -1.340e+08  3.655e+07  2.743e+07
 1.187e+10  4.192e+10  1.179e+10 -4.816e+07 -1.420e+08 -6.795e+07
 1.191e+10  1.179e+10  4.206e+10 -9.850e+07  1.065e+08  4.507e+07
-1.340e+08 -4.816e+07 -9.850e+07  1.508e+10 -5.828e+07  5.365e+07
 3.655e+07 -1.420e+08  1.065e+08 -5.828e+07  1.503e+10 -1.073e+08
 2.743e+07 -6.795e+07  4.507e+07  5.365e+07 -1.073e+08  1.513e+10
