 2.924e+10  8.174e+09  8.068e+09 -2.863e+08 -1.953e+08 -2.134e+08
 8.174e+09  2.882e+10  8.498e+09 -2.545e+08 -1.843e+08 -2.776e+07
 8.068e+09  8.498e+09  2.985e+10  4.856e+07 -2.426e+08 -2.045e+08
-2.863e+08 -2.545e+08  4.856e+07  9.833e+09  1.190e+06 -2.293e+08
-1.953e+08 -1.843e+08 -2.426e+08  1.190e+06  1.027e+10  2.299e+07
-2.134e+08 -2.776e+07 -2.045e+08 -2.293e+08  2.299e+07  9.974e+09
