 9.166e+10 -2.887e+10 -3.124e+10  2.210e+09  3.878e+09  2.250e+09
-2.887e+10  9.071e+10 -3.019e+10  2.515e+09 -1.060e+09 -1.222e+06
-3.124e+10 -3.019e+10  9.272e+10 -5.095e+09 -3.176e+09 -2.318e+09
 2.210e+09  2.515e+09 -5.095e+09  6.711e+10 -2.641e+09  3.214e+08
 3.878e+09 -1.060e+09 -3.176e+09 -2.641e+09  6.376e+10 -4.365e+09
 2.250e+09 -1.222e+06 -2.318e+09  3.214e+08 -4.365e+09  6.611e+10
