 1.922e+11 -7.474e+10 -7.212e+10  9.300e+08  1.583e+07  3.398e+08
-7.474e+10  1.913e+11 -7.082e+10  1.103e+09 -1.409e+09  4.416e+08
-7.212e+10 -7.082e+10  1.884e+11 -1.703e+09  1.277e+09 -5.582e+08
 9.300e+08  1.103e+09 -1.703e+09  1.298e+11  8.932e+08 -7.155e+08
 1.583e+07 -1.409e+09  1.277e+09  8.932e+08  1.322e+11  3.704e+08
 3.398e+08  4.416e+08 -5.582e+08 -7.155e+08  3.704e+08  1.328e+11
