 6.257e+10  3.582e+08  3.918e+08 -1.453e+07  1.045e+07  1.728e+07
 3.582e+08  6.345e+10  4.215e+08 -3.783e+07  2.324e+08  9.620e+06
 3.918e+08  4.215e+08  6.315e+10  3.776e+07  2.856e+08  1.744e+07
-1.453e+07 -3.783e+07  3.776e+07  3.130e+10  4.319e+06  1.177e+08
 1.045e+07  2.324e+08  2.856e+08  4.319e+06  3.148e+10 -7.639e+06
 1.728e+07  9.620e+06  1.744e+07  1.177e+08 -7.639e+06  3.128e+10
