 1.681e+11  4.700e+10  4.746e+10  8.374e+08 -2.230e+08 -1.233e+08
 4.700e+10  1.677e+11  4.722e+10  1.408e+08 -2.485e+08  8.913e+07
 4.746e+10  4.722e+10  1.670e+11  6.777e+07 -2.260e+08 -3.213e+08
 8.374e+08  1.408e+08  6.777e+07  5.981e+10  7.762e+07 -2.688e+08
-2.230e+08 -2.485e+08 -2.260e+08  7.762e+07  5.999e+10  9.969e+07
-1.233e+08  8.913e+07 -3.213e+08 -2.688e+08  9.969e+07  6.022e+10
