 2.510e+11  6.683e+08  6.349e+08  4.666e+08  3.074e+07 -2.815e+08
 6.683e+08  2.514e+11  6.570e+08  6.251e+08  1.945e+08  3.012e+05
 6.349e+08  6.570e+08  2.498e+11 -3.065e+07  1.576e+08 -2.542e+08
 4.666e+08  6.251e+08 -3.065e+07  1.252e+11 -1.543e+08  1.211e+08
 3.074e+07  1.945e+08  1.576e+08 -1.543e+08  1.249e+11  2.524e+08
-2.815e+08  3.012e+05 -2.542e+08  1.211e+08  2.524e+08  1.249e+11
