 1.211e+12 -4.713e+11 -4.715e+11  1.070e+10  2.970e+09  3.283e+09
-4.713e+11  1.203e+12 -4.643e+11 -7.361e+09 -2.897e+09  2.653e+09
-4.715e+11 -4.643e+11  1.202e+12 -1.703e+09  5.216e+07 -6.451e+09
 1.070e+10 -7.361e+09 -1.703e+09  8.415e+11  1.820e+09  2.930e+09
 2.970e+09 -2.897e+09  5.216e+07  1.820e+09  8.438e+11  2.822e+09
 3.283e+09  2.653e+09 -6.451e+09  2.930e+09  2.822e+09  8.391e+11
