 4.052e+10  1.147e+10  1.135e+10 -1.979e+08 -3.695e+06 -1.335e+08
 1.147e+10  4.019e+10  1.137e+10 -1.806e+08  3.889e+07 -4.264e+07
 1.135e+10  1.137e+10  4.108e+10 -1.669e+07 -1.305e+07  6.346e+07
-1.979e+08 -1.806e+08 -1.669e+07  1.458e+10 -3.563e+07  9.199e+06
-3.695e+06  3.889e+07 -1.305e+07 -3.563e+07  1.452e+10 -2.249e+07
-1.335e+08 -4.264e+07  6.346e+07  9.199e+06 -2.249e+07  1.449e+10
