 2.720e+10  1.203e+09  1.557e+09 -1.249e+08  1.515e+08  1.001e+08
 1.203e+09  2.981e+10  1.302e+09 -2.092e+08 -5.008e+08  6.375e+07
 1.557e+09  1.302e+09  2.730e+10  4.056e+07 -3.341e+08  3.360e+08
-1.249e+08 -2.092e+08  4.056e+07  1.392e+10  1.224e+08 -3.172e+08
 1.515e+08 -5.008e+08 -3.341e+08  1.224e+08  1.391e+10 -1.907e+08
 1.001e+08  6.375e+07  3.360e+08 -3.172e+08 -1.907e+08  1.308e+10
