 2.677e+11  6.595e+08  5.548e+08 -5.037e+08  4.209e+07  4.853e+08
 6.595e+08  2.675e+11  7.209e+08 -4.635e+08 -1.206e+08 -8.586e+07
 5.548e+08  7.209e+08  2.651e+11  3.418e+06 -1.811e+08  4.588e+08
-5.037e+08 -4.635e+08  3.418e+06  1.335e+11  1.865e+08 -7.393e+07
 4.209e+07 -1.206e+08 -1.811e+08  1.865e+08  1.328e+11 -1.968e+08
 4.853e+08 -8.586e+07  4.588e+08 -7.393e+07 -1.968e+08  1.329e+11
