 2.534e+11  6.913e+08  5.518e+08  1.711e+08  1.130e+07  3.244e+08
 6.913e+08  2.519e+11  6.663e+08  1.677e+08 -2.022e+08  4.444e+06
 5.518e+08  6.663e+08  2.533e+11 -3.440e+07 -1.604e+08  3.124e+08
 1.711e+08  1.677e+08 -3.440e+07  1.260e+11  1.755e+08 -9.376e+07
 1.130e+07 -2.022e+08 -1.604e+08  1.755e+08  1.260e+11  3.563e+07
 3.244e+08  4.444e+06  3.124e+08 -9.376e+07  3.563e+07  1.263e+11
