 2.767e+11  6.078e+08  7.153e+08 -3.647e+08 -2.629e+07  1.079e+08
 6.078e+08  2.779e+11  7.010e+08 -4.174e+08  4.008e+08  1.000e+07
 7.153e+08  7.010e+08  2.779e+11 -9.055e+06  3.190e+08  1.427e+08
-3.647e+08 -4.174e+08 -9.055e+06  1.383e+11  4.264e+07  1.863e+08
-2.629e+07  4.008e+08  3.190e+08  4.264e+07  1.386e+11 -1.899e+08
 1.079e+08  1.000e+07  1.427e+08  1.863e+08 -1.899e+08  1.383e+11
