 2.515e+11  7.017e+08  6.674e+08  2.707e+08 -3.212e+07 -2.512e+08
 7.017e+08  2.499e+11  6.663e+08  2.799e+08 -4.335e+07 -1.870e+07
 6.674e+08  6.663e+08  2.504e+11  1.612e+07 -1.937e+07 -2.015e+08
 2.707e+08  2.799e+08  1.612e+07  1.251e+11 -1.372e+08 -7.525e+07
-3.212e+07 -4.335e+07 -1.937e+07 -1.372e+08  1.247e+11  1.297e+08
-2.512e+08 -1.870e+07 -2.015e+08 -7.525e+07  1.297e+08  1.251e+11
