 6.607e+10  4.505e+08  3.684e+08  1.366e+08 -4.321e+06 -1.036e+08
 4.505e+08  6.632e+10  4.333e+08  1.003e+08 -1.738e+07  1.637e+07
 3.684e+08  4.333e+08  6.594e+10  2.175e+07 -1.722e+07 -1.466e+08
 1.366e+08  1.003e+08  2.175e+07  3.291e+10 -7.144e+07 -2.701e+06
-4.321e+06 -1.738e+07 -1.722e+07 -7.144e+07  3.290e+10  9.536e+07
-1.036e+08  1.637e+07 -1.466e+08 -2.701e+06  9.536e+07  3.277e+10
