 1.606e+10  5.084e+09  5.372e+09 -1.704e+08 -2.472e+07 -7.341e+07
 5.084e+09  1.634e+10  5.142e+09 -6.377e+07  8.431e+06  8.713e+07
 5.372e+09  5.142e+09  1.604e+10  1.512e+08 -1.979e+08 -7.345e+07
-1.704e+08 -6.377e+07  1.512e+08  4.803e+09 -9.992e+06  2.789e+07
-2.472e+07  8.431e+06 -1.979e+08 -9.992e+06  4.824e+09  1.064e+08
-7.341e+07  8.713e+07 -7.345e+07  2.789e+07  1.064e+08  5.180e+09
