 8.887e+10 -2.148e+10 -2.159e+10  4.051e+08 -1.107e+08 -1.646e+08
-2.148e+10  8.870e+10 -2.178e+10 -2.067e+08  2.461e+08  5.741e+07
-2.159e+10 -2.178e+10  8.930e+10 -1.283e+08 -2.696e+08  4.905e+08
 4.051e+08 -2.067e+08 -1.283e+08  5.414e+10  7.099e+08 -2.763e+08
-1.107e+08  2.461e+08 -2.696e+08  7.099e+08  5.456e+10  1.788e+06
-1.646e+08  5.741e+07  4.905e+08 -2.763e+08  1.788e+06  5.484e+10
