 1.200e+12 -4.654e+11 -4.675e+11  4.316e+09 -1.407e+09 -1.796e+09
-4.654e+11  1.199e+12 -4.676e+11 -7.913e+08 -4.659e+09  1.505e+09
-4.675e+11 -4.676e+11  1.202e+12 -3.362e+09  6.652e+09  2.834e+08
 4.316e+09 -7.913e+08 -3.362e+09  8.401e+11  2.007e+09  2.700e+07
-1.407e+09 -4.659e+09  6.652e+09  2.007e+09  8.389e+11 -3.387e+09
-1.796e+09  1.505e+09  2.834e+08  2.700e+07 -3.387e+09  8.400e+11
