 6.573e+10  4.134e+08  4.419e+08 -1.403e+08  9.826e+06  1.146e+07
 4.134e+08  6.587e+10  4.029e+08 -1.403e+08 -2.108e+07 -2.790e+07
 4.419e+08  4.029e+08  6.605e+10 -3.077e+07 -1.282e+07  9.014e+06
-1.403e+08 -1.403e+08 -3.077e+07  3.268e+10 -1.250e+07  8.777e+05
 9.826e+06 -2.108e+07 -1.282e+07 -1.250e+07  3.274e+10 -9.154e+07
 1.146e+07 -2.790e+07  9.014e+06  8.777e+05 -9.154e+07  3.275e+10
