 9.665e+10 -3.353e+10 -3.126e+10  2.633e+07  1.346e+09 -9.611e+08
-3.353e+10  9.844e+10 -3.324e+10  1.352e+09 -2.571e+09  1.110e+09
-3.126e+10 -3.324e+10  9.588e+10 -1.934e+09  1.191e+09 -2.440e+08
 2.633e+07  1.352e+09 -1.934e+09  6.418e+10  8.833e+08  1.739e+09
 1.346e+09 -2.571e+09  1.191e+09  8.833e+08  6.515e+10 -2.881e+09
-9.611e+08  1.110e+09 -2.440e+08  1.739e+09 -2.881e+09  6.510e+10
